# Resolution
N_ENERGY=8
N_XI=16
N_THETA=24
N_RADIAL=6
N_TOROIDAL=1
NONLINEAR_FLAG=0

BOX_SIZE=1
KY=+3.00000E-01

DELTA_T=+8.00000E-03
MAX_TIME=+1.00000E+02
PRINT_STEP=100

# Geometry (Miller)
RMIN=+5.00000E-01
RMAJ=+2.96379E+00

EQUILIBRIUM_MODEL=2
IPCCW=+1.00000E+00
BTCCW=-1.00000E+00

SHIFT=-0.27932100228480566
ZMAG=-0.18130420841155753
DZMAG=-0.06344805608240264
Q=2.3490938951210723
S=2.4326151942810768
KAPPA=2.5142761373024856
S_KAPPA=0.19313711459192712
DELTA=-0.04621206815750106
S_DELTA=-0.09312726284723476
ZETA=-0.0402120569614237
S_ZETA=-0.10695740190915853

# Geometry (Advanced)
SHAPE_SIN3=0.006300373096388589
SHAPE_S_SIN3=0.02251015506035642
SHAPE_SIN4=0.002902527866343519
SHAPE_S_SIN4=0.019614628997960674
SHAPE_SIN5=0.0005768348443947424
SHAPE_S_SIN5=-0.0028960499843272078
SHAPE_SIN6=0.0
SHAPE_S_SIN6=0.0
SHAPE_COS0=-0.08033055361859817
SHAPE_S_COS0=-0.039860683134533476
SHAPE_COS1=-0.029187151231053123
SHAPE_S_COS1=-0.0623639097778867
SHAPE_COS2=0.013460104392590582
SHAPE_S_COS2=0.042744792663454115
SHAPE_COS3=-0.0010984277311191293
SHAPE_S_COS3=-0.013866173252215962
SHAPE_COS4=-0.0014486832297570893
SHAPE_S_COS4=-0.0072019847067287205
SHAPE_COS5=-0.0004069675080156463
SHAPE_S_COS5=-0.014029481089744375
SHAPE_COS6=0.0
SHAPE_S_COS6=0.0

# Rotation (Sonic)
ROTATION_MODEL=2
GAMMA_E=0.14956259035994307
GAMMA_P=-1.0149207641761515
MACH=-0.4342212477749414

# Collisions (Sugama)
COLLISION_MODEL=4
NU_EE=+5.34678E-02

N_FIELD=2
BETAE_UNIT=+5.63178E-03
LAMBDA_STAR=+1.95885E-02

# Species
N_SPECIES=4

Z_1 =1
MASS_1=1.9466155928578872
DENS_1=1.7027493956043982
TEMP_1=1.7349115438341909
DLNNDR_1=3.0732779602817026
DLNTDR_1=2.8064375632435543
SDLNNDR_1=0.01031236185653643
SDLNTDR_1=-0.11701367798467482

Z_2 =6
MASS_2=12.194350155836052
DENS_2=0.028013837608936793
TEMP_2=1.655502611346674
DLNNDR_2=-0.2855943493384967
DLNTDR_2=2.8359037725019443
SDLNNDR_2=0.00045579826733278643
SDLNTDR_2=-0.11830963870799671

Z_3 =1
MASS_3=2.032581685046467
DENS_3=0.13446771387516065
TEMP_3=24.170166742334764
DLNNDR_3=6.421773236195273
DLNTDR_3=1.461468533683503
SDLNNDR_3=0.029303039621568647
SDLNTDR_3=-0.1921757389584577

Z_4 =-1
MASS_4=0.0005477085295547844
DENS_4=2.029211811122419
TEMP_4=1.9809395745898937
DLNNDR_4=2.9073721640028625
DLNTDR_4=5.388847513625455
SDLNNDR_4=0.013541250777886931
SDLNTDR_4=-0.01696806916188543
