# Resolution
N_ENERGY=8
N_XI=16
N_THETA=24
N_RADIAL=6
N_TOROIDAL=1
NONLINEAR_FLAG=0

BOX_SIZE=1
KY=+3.00000E-01

DELTA_T=+8.00000E-03
MAX_TIME=+1.00000E+02
PRINT_STEP=100

# Geometry (Miller)
RMIN=+9.00000E-01
RMAJ=+2.76918E+00

EQUILIBRIUM_MODEL=2
IPCCW=+1.00000E+00
BTCCW=-1.00000E+00

SHIFT=-1.0228552504368964
ZMAG=-0.024636089208043194
DZMAG=-0.01216953449968182
Q=6.547940564624261
S=4.766162696719713
KAPPA=2.6146091748128675
S_KAPPA=0.1584725766931645
DELTA=-0.5397652912532255
S_DELTA=-1.4546877364440935
ZETA=-0.1757179382332118
S_ZETA=-0.5307218879732691

# Geometry (Advanced)
SHAPE_SIN3=0.035009643070895616
SHAPE_S_SIN3=0.06691609404928656
SHAPE_SIN4=0.057934773813824884
SHAPE_S_SIN4=0.3013172173219114
SHAPE_SIN5=-0.006593994542161707
SHAPE_S_SIN5=-0.08046965931939162
SHAPE_SIN6=0.0
SHAPE_S_SIN6=0.0
SHAPE_COS0=-0.013061731054189
SHAPE_S_COS0=0.005207806515940118
SHAPE_COS1=-0.009075988995126127
SHAPE_S_COS1=0.0013747538346832156
SHAPE_COS2=-0.002108790174887588
SHAPE_S_COS2=0.011227110526671285
SHAPE_COS3=-0.004144089321674746
SHAPE_S_COS3=-0.014846507887167522
SHAPE_COS4=-0.0006517510801129593
SHAPE_S_COS4=0.0017573711876958066
SHAPE_COS5=-0.0006319423122102064
SHAPE_S_COS5=0.002700728916834391
SHAPE_COS6=0.0
SHAPE_S_COS6=0.0

# Rotation (Sonic)
ROTATION_MODEL=2
GAMMA_E=0.24443747138020938
GAMMA_P=-2.4087783434912113
MACH=-0.3746600222871692

# Collisions (Sugama)
COLLISION_MODEL=4
NU_EE=+1.06455E+00

N_FIELD=2
BETAE_UNIT=+5.09941E-04
LAMBDA_STAR=+2.64562E-02

# Species
N_SPECIES=4

Z_1 =1
MASS_1=1.9671136502652558
DENS_1=1.2601686195255815
TEMP_1=3.8064633564298767
DLNNDR_1=4.739930023268034
DLNTDR_1=12.361558918255884
SDLNNDR_1=0.059065941682156106
SDLNTDR_1=0.02800492332811648

Z_2 =6
MASS_2=11.75621665717088
DENS_2=0.11996263232630748
TEMP_2=3.9009807903593288
DLNNDR_2=4.861031375171331
DLNTDR_2=12.878457829708388
SDLNNDR_2=0.0006877190243253089
SDLNTDR_2=0.028099314309364617

Z_3 =1
MASS_3=2.000122100041696
DENS_3=0.006349195097467826
TEMP_3=93.35351034240716
DLNNDR_3=35.72187100783448
DLNTDR_3=0.6165412922844982
SDLNNDR_3=-0.7619497892806855
SDLNTDR_3=0.11941764077070943

Z_4 =-1
MASS_4=0.000537394349291365
DENS_4=1.9639213325262759
TEMP_4=2.0202307310859715
DLNNDR_4=4.886905699733013
DLNTDR_4=13.236753845427565
SDLNNDR_4=0.042185399926040784
SDLNTDR_4=0.08740451246013198
