# Resolution
N_ENERGY=8
N_XI=16
N_THETA=24
N_RADIAL=6
N_TOROIDAL=1
NONLINEAR_FLAG=0

BOX_SIZE=1
KY=+3.00000E-01

DELTA_T=+8.00000E-03
MAX_TIME=+1.00000E+02
PRINT_STEP=100

# Geometry (Miller)
RMIN=+7.00000E-01
RMAJ=+2.90608E+00

EQUILIBRIUM_MODEL=2
IPCCW=+1.00000E+00
BTCCW=-1.00000E+00

SHIFT=-0.6544115608690494
ZMAG=-0.11791932109463157
DZMAG=-0.33438047762967976
Q=4.348642251228759
S=4.537652418871755
KAPPA=2.6866905915472197
S_KAPPA=0.4392865984859012
DELTA=-0.05769254965575833
S_DELTA=-0.1313624572056657
ZETA=-0.10532107927198932
S_ZETA=-0.31837634400462345

# Geometry (Advanced)
SHAPE_SIN3=0.017406563753379442
SHAPE_S_SIN3=0.026412209350025542
SHAPE_SIN4=0.015800482386508514
SHAPE_S_SIN4=0.06935916742689816
SHAPE_SIN5=0.003939555540552793
SHAPE_S_SIN5=0.0271373957980972
SHAPE_SIN6=0.0
SHAPE_S_SIN6=0.0
SHAPE_COS0=-0.2044113129332204
SHAPE_S_COS0=-0.2304077041655854
SHAPE_COS1=-0.03301581109511159
SHAPE_S_COS1=-0.1729216417298
SHAPE_COS2=0.06398093044795217
SHAPE_S_COS2=0.2283526507810838
SHAPE_COS3=0.0017288580173998413
SHAPE_S_COS3=0.016126263511211346
SHAPE_COS4=-0.00793410496252034
SHAPE_S_COS4=-0.04332140530812027
SHAPE_COS5=-0.003319167184671677
SHAPE_S_COS5=-0.018644059068836347
SHAPE_COS6=0.0
SHAPE_S_COS6=0.0

# Rotation (Sonic)
ROTATION_MODEL=2
GAMMA_E=0.11183299995513367
GAMMA_P=-1.0687904039486162
MACH=-0.27912246685212194

# Collisions (Sugama)
COLLISION_MODEL=4
NU_EE=+1.67264E-01

N_FIELD=2
BETAE_UNIT=+2.16491E-03
LAMBDA_STAR=+2.31459E-02

# Species
N_SPECIES=4

Z_1 =1
MASS_1=2.0586004300714213
DENS_1=1.612598183236961
TEMP_1=2.2069870263856624
DLNNDR_1=1.2043798119808895
DLNTDR_1=4.915624318553199
SDLNNDR_1=0.002940800727991525
SDLNTDR_1=-0.04564948625295866

Z_2 =6
MASS_2=11.919848678688837
DENS_2=0.04651649938781992
TEMP_2=2.1333358594181453
DLNNDR_2=2.7196114988817364
DLNTDR_2=5.011939696248681
SDLNNDR_2=-0.018133147456911636
SDLNTDR_2=-0.045114215319670865

Z_3 =1
MASS_3=2.0153274231647584
DENS_3=0.08512771898391011
TEMP_3=37.419686091969616
DLNNDR_3=14.929194046127208
DLNTDR_3=1.605574280744094
SDLNNDR_3=-0.09994080626842028
SDLNTDR_3=-0.06825482905276226

Z_4 =-1
MASS_4=0.0005491759546044945
DENS_4=2.0531875210685993
TEMP_4=1.9978652053378325
DLNNDR_4=1.9881580223064625
DLNTDR_4=6.826447389259239
SDLNNDR_4=-0.0036500174788652987
SDLNTDR_4=-0.02586030606494632
