defaults:
 - _self_
 - override hydra/hydra_logging: none
 - override hydra/job_logging: none

# THIS CORRESPONDS TO SHOT 180519.04250 with rmin=0.9, ky=1.2
# Plasma parameters ===============================
# Geometry (Miller)
RMIN: +9.00000E-01
RMAJ: +2.86523E+00

SHIFT: -0.43854031950013683
ZMAG: -1.63268E-01
DZMAG: -6.74155E-01
Q: 3.97377101825387
S: 2.3636162346532994
KAPPA: 1.5048272196947339
S_KAPPA: 0.4570937750454091
DELTA: -0.09283986479710475
S_DELTA: -0.2843415653532062
ZETA: -0.13366605899049966
S_ZETA: -0.47395698697982547

# Geometry (Advanced)
SHAPE_SIN3: +7.35503E-03
SHAPE_S_SIN3: -2.35635E-02
SHAPE_SIN4: +2.11065E-02
SHAPE_S_SIN4: +7.34919E-02
SHAPE_SIN5: +3.60934E-04
SHAPE_S_SIN5: -3.76223E-02
SHAPE_SIN6: +0.00000E+00
SHAPE_S_SIN6: +0.00000E+00
SHAPE_COS0: -7.98192E-02
SHAPE_S_COS0: -1.22503E-01
SHAPE_COS1: -1.07455E-01
SHAPE_S_COS1: -6.24359E-01
SHAPE_COS2: +6.68038E-02
SHAPE_S_COS2: +2.84012E-01
SHAPE_COS3: +1.10564E-03
SHAPE_S_COS3: +1.18633E-02
SHAPE_COS4: -1.01511E-02
SHAPE_S_COS4: -2.40464E-02
SHAPE_COS5: -1.09014E-02
SHAPE_S_COS5: -8.30965E-02
SHAPE_COS6: +0.00000E+00
SHAPE_S_COS6: +0.00000E+00

# Rotation (Sonic)
GAMMA_E: +1.73178E-01
GAMMA_P: -2.438568589491229
MACH: -0.03799811500808162

# Collisions (Sugama)
NU_EE: 0.18955303391843653

BETAE_UNIT: 0.0005501325229137139
LAMBDA_STAR: +3.08521E-02

# Species
Z_1: 1
MASS_1: +1.00000E+00
DENS_1: 0.8400000000000001
TEMP_1: +1.41093E+00
DLNNDR_1: 1.3943846497310206
DLNTDR_1: 5.94496796497548
SDLNNDR_1: +8.39435E-03
SDLNTDR_1: +1.99052E-01

Z_2: 6
MASS_2: +6.00535E+00
DENS_2: 0.02666666666666667
TEMP_2: +1.41093E+00
DLNNDR_2: 4.368629098443714
DLNTDR_2: 5.435649474319649
SDLNNDR_2: +3.97001E-02
SDLNTDR_2: +1.99052E-01


Z_3: -1
MASS_3: +2.72444E-04
DENS_3: +1.00000E+00
TEMP_3: +1.00000E+00
DLNNDR_3: 1.6858098492843152
DLNTDR_3: 5.918828882669272
SDLNNDR_3: +9.05442E-03
SDLNTDR_3: +2.72656E-02

# Scenario / environment parameters ===============
collision_model: 4

ky: 1.2       # generally gives strongest possible mode at ion scale \in [0.25, 0.4]
              # can depend on ETG cases (e.g 5, 6, 10) converges fast bc large gamma
n_field: 2    # (if on edge, use 3 fields, o.w. use 2 fields)
max_time: 500 # after this point, either mode stable or oscilattes around mode 
  
delta_t_method: 1 # adaptive time stepping from initial delta_t

profile_model: 11

# Output configuration
dump_dir: "sim_res/cgyro/p11"  # Directory for output files
verbose: False                # Enable verbose output
