defaults:
 - _self_
 - override hydra/hydra_logging: none
 - override hydra/job_logging: none

# THIS CORRESPONDS TO SHOT 171421.03400 with rmin=0.7m ky=0.3
# Plasma parameters ===============================
RMIN: +7.00000E-01
RMAJ: +2.85609E+00

SHIFT: -0.2559656
ZMAG: -3.27478E-03
DZMAG: -2.46520E-03
Q: 1.7327847766985858
S: 1.601765575374623
KAPPA: 1.3000782156283097
S_KAPPA: 0.08497899926975475
DELTA: -0.13695061667892974
S_DELTA: -0.3240303298372104
ZETA: -0.033157328364422846
S_ZETA: -0.10445492975924711

# Geometry (Advanced)
SHAPE_SIN3: +9.18398E-03
SHAPE_S_SIN3: +2.57300E-02
SHAPE_SIN4: +7.61502E-03
SHAPE_S_SIN4: +3.54970E-02
SHAPE_SIN5: +3.27228E-04
SHAPE_S_SIN5: +7.17435E-04
SHAPE_SIN6: +0.00000E+00
SHAPE_S_SIN6: +0.00000E+00
SHAPE_COS0: -1.10051E-02
SHAPE_S_COS0: -3.57660E-03
SHAPE_COS1: -2.33809E-03
SHAPE_S_COS1: +2.82156E-03
SHAPE_COS2: -3.22752E-04
SHAPE_S_COS2: +3.62371E-03
SHAPE_COS3: -3.32215E-04
SHAPE_S_COS3: +3.61370E-04
SHAPE_COS4: -2.19201E-04
SHAPE_S_COS4: +1.20038E-03
SHAPE_COS5: -4.07882E-05
SHAPE_S_COS5: +3.70487E-03
SHAPE_COS6: +0.00000E+00
SHAPE_S_COS6: +0.00000E+00

# Rotation (Sonic)
GAMMA_E: +1.21117E-01
GAMMA_P: -1.068130766876424
MACH: -0.26691104787157605

# Collisions (Sugama)
NU_EE: 0.3943381406940817

BETAE_UNIT: 0.0022491377626242823
LAMBDA_STAR: +2.00461E-02

Z_1: 1
MASS_1: +1.00000E+00
DENS_1: 0.8400000000000001
TEMP_1: +1.52971E+00
DLNNDR_1: 0.9664894462911373
DLNTDR_1: 2.374231191326027
SDLNNDR_1: +7.39101E-03
SDLNTDR_1: +3.18973E-02

Z_2: 6
MASS_2: +6.00535E+00
DENS_2: 0.02666666666666667
TEMP_2: +1.52971E+00
DLNNDR_2: 1.5831973212290873
DLNTDR_2: 2.139882426036551
SDLNNDR_2: +1.37977E-02
SDLNTDR_2: +3.18973E-02


Z_3: -1
MASS_3: +2.72444E-04
DENS_3: +1.00000E+00
TEMP_3: +1.00000E+00
DLNNDR_3: 1.425664980815075
DLNTDR_3: 5.036733893985472
SDLNNDR_3: +7.77277E-03
SDLNTDR_3: -4.18711E-02
Z_EFF_METHOD: 2


# Scenario / environment parameters ===============
collision_model: 4

ky: 0.3       # generally gives strongest possible mode at ion scale \in [0.25, 0.4]
              # can depend on ETG cases (e.g 5, 6, 10) converges fast bc large gamma
n_field: 2    # (if on edge, use 3 fields, o.w. use 2 fields)
max_time: 500 # after this point, either mode stable or oscilattes around mode 
  
delta_t_method: 1 # adaptive time stepping from initial delta_t

profile_model: 2

# Output configuration
dump_dir: "sim_res/cgyro/p2"  # Directory for output files
verbose: False                # Enable verbose output
