defaults:
 - _self_
 - override hydra/hydra_logging: none
 - override hydra/job_logging: none

# THIS CORRESPONDS TO SHOT 171421.03400 with rmin=0.9, ky=2.5
# Plasma parameters ===============================
# Geometry (Miller)
RMIN: +9.00000E-01
RMAJ: +2.77491E+00

SHIFT: -0.5157564249796325
ZMAG: -3.72920E-03
DZMAG: +5.77340E-04
Q: 3.470865868382493
S: 2.4161143213356984
KAPPA: 1.3198135256377617
S_KAPPA: 0.025903972274801575
DELTA: -0.2861586836325054
S_DELTA: -0.633119999232341
ZETA: -0.08075623776596526
S_ZETA: -0.23590806220650362

# Geometry (Advanced)
SHAPE_SIN3: +1.40926E-02
SHAPE_S_SIN3: +2.05410E-03
SHAPE_SIN4: +2.63785E-02
SHAPE_S_SIN4: +1.31898E-01
SHAPE_SIN5: -2.00209E-03
SHAPE_S_SIN5: -2.79290E-02
SHAPE_SIN6: +0.00000E+00
SHAPE_S_SIN6: +0.00000E+00
SHAPE_COS0: -1.23251E-02
SHAPE_S_COS0: -6.91765E-03
SHAPE_COS1: -2.28962E-03
SHAPE_S_COS1: +3.71643E-03
SHAPE_COS2: +2.49684E-04
SHAPE_S_COS2: +3.38846E-03
SHAPE_COS3: -7.28247E-04
SHAPE_S_COS3: -2.22921E-03
SHAPE_COS4: -5.54801E-04
SHAPE_S_COS4: -2.84388E-03
SHAPE_COS5: -1.70745E-04
SHAPE_S_COS5: +5.31327E-04
SHAPE_COS6: +0.00000E+00
SHAPE_S_COS6: +0.00000E+00

# Rotation (Sonic)
GAMMA_E: +1.17745E-01
GAMMA_P: -1.1810984565324942
MACH: -0.0878560869719228

# Collisions (Sugama)
NU_EE: 0.37076059430296016

BETAE_UNIT: 0.0005750302536129811
LAMBDA_STAR: +2.33974E-02

Z_1: 1
MASS_1: +1.00000E+00
DENS_1: 0.8400000000000001
TEMP_1: +1.43533E+00
DLNNDR_1: 1.800011610123911
DLNTDR_1: 9.19594078421242
SDLNNDR_1: +2.65299E-03
SDLNTDR_1: -9.62335E-02

Z_2: 6
MASS_2: +6.00535E+00
DENS_2: 0.02666666666666667
TEMP_2: +1.43533E+00
DLNNDR_2: 3.1912044724335265
DLNTDR_2: 7.444962941869234
SDLNNDR_2: +5.53202E-04
SDLNTDR_2: -9.62335E-02


Z_3: -1
MASS_3: +2.72444E-04
DENS_3: +1.00000E+00
TEMP_3: +1.00000E+00
DLNNDR_3: 2.3718143418016946
DLNTDR_3: 7.024477610303037
SDLNNDR_3: +2.38748E-03
SDLNTDR_3: +1.74152E-02

# Scenario / environment parameters ===============
collision_model: 4

ky: 2.5       # generally gives strongest possible mode at ion scale \in [0.25, 0.4]
              # can depend on ETG cases (e.g 5, 6, 10) converges fast bc large gamma
n_field: 2    # (if on edge, use 3 fields, o.w. use 2 fields)
max_time: 500 # after this point, either mode stable or oscilattes around mode 

# Tunable parameters ===============
n_radial: 4  # \in [8, 12]
           # -- should be solvable by refinement
           # -- mult. factor of 1.5 from 6
n_theta: 12 # \in [16, 32] (determined by plasma shaping) (num points along field line) (for R/A = 0.5 \in [16, 24], at edge R/A = 0.95 \in [32, or more])
           # -- should be solvable by refinement
           # -- mult. factor of 1.5 from 16
n_xi: 6
n_energy: 4
error_tol: 1e-6 # Determines tolerance for numerical drift / integration error
           # -- mult. factor of 10 from 1e-5
freq_tol: 1e-5 # Determines tolerance for error b/w eigenvalues to declare convergence
           # (e.g. 1e-3, 5e-3)
delta_t: 1e-2 # If default timestep is too far away from optimal, may take longer
            # Adaptive timestepping (delta_t_method=1) starts from default delta_t
            # Vary from range [0.01, 0.04] (ky > 0.3 < 1)
            # For large ky (e.g. 10), need 5-10x shorter delta_t

            # Maybe try against delta_t_method = 0 (if time permits)
            
delta_t_method: 1 # adaptive time stepping from initial delta_t

profile_model: 6

# Output configuration
dump_dir: "sim_res/cgyro/p6"  # Directory for output files
verbose: False                # Enable verbose output
