defaults:
 - _self_
 - override hydra/hydra_logging: none
 - override hydra/job_logging: none

# THIS CORRESPONDS TO SHOT 180528.02800 with rmin=0.9, ky=0.05
# Plasma parameters ===============================
# Geometry (Miller)
RMIN: +9.00000E-01
RMAJ: +2.84546E+00

SHIFT: -0.43422717419757245
ZMAG: -1.59560E-01
DZMAG: -6.16449E-01
Q: 3.9618020086913788
S: 2.8756161795079596
KAPPA: 1.5887108029459291
S_KAPPA: 0.5526846950894879
DELTA: -0.08607301651444378
S_DELTA: -0.35612080516320194
ZETA: -0.13929759360537503
S_ZETA: -0.5373284483646013

# Geometry (Advanced)
SHAPE_SIN3: +9.97178E-03
SHAPE_S_SIN3: -5.95148E-03
SHAPE_SIN4: +2.03684E-02
SHAPE_S_SIN4: +7.47936E-02
SHAPE_SIN5: -1.85573E-04
SHAPE_S_SIN5: -3.59888E-02
SHAPE_SIN6: +0.00000E+00
SHAPE_S_SIN6: +0.00000E+00
SHAPE_COS0: -7.77956E-02
SHAPE_S_COS0: -1.51229E-01
SHAPE_COS1: -9.96592E-02
SHAPE_S_COS1: -5.85961E-01
SHAPE_COS2: +6.94884E-02
SHAPE_S_COS2: +3.26247E-01
SHAPE_COS3: +9.27581E-04
SHAPE_S_COS3: +3.41418E-02
SHAPE_COS4: -1.10581E-02
SHAPE_S_COS4: -3.73716E-02
SHAPE_COS5: -1.15199E-02
SHAPE_S_COS5: -8.84313E-02
SHAPE_COS6: +0.00000E+00
SHAPE_S_COS6: +0.00000E+00

# Rotation (Sonic)
GAMMA_E: +1.53402E-01
GAMMA_P: -1.6676775522523446
MACH: -0.027373061250116598

# Collisions (Sugama)
NU_EE: 0.5387607341410326

BETAE_UNIT: 0.0004887414678728228
LAMBDA_STAR: +3.29420E-02

# Species
Z_1: 1
MASS_1: +1.00000E+00
DENS_1: 0.8400000000000001
TEMP_1: +1.49671E+00
DLNNDR_1: 1.6856615499098864
DLNTDR_1: 5.566257214253835
SDLNNDR_1: +8.60876E-03
SDLNTDR_1: +1.46181E-01

Z_2: 6
MASS_2: +6.00535E+00
DENS_2: 0.02666666666666667
TEMP_2: +1.49671E+00
DLNNDR_2: 3.504309456711468
DLNTDR_2: 5.367624700723622
SDLNNDR_2: +5.12712E-03
SDLNTDR_2: +1.46181E-01


Z_3: -1
MASS_3: +2.72444E-04
DENS_3: +1.00000E+00
TEMP_3: +1.00000E+00
DLNNDR_3: 1.8321043642398493
DLNTDR_3: 5.162769212655758
SDLNNDR_3: +6.01641E-03
SDLNTDR_3: -1.21093E-02

# Scenario / environment parameters ===============
collision_model: 4

ky: 0.05       # generally gives strongest possible mode at ion scale \in [0.25, 0.4]
              # can depend on ETG cases (e.g 5, 6, 10) converges fast bc large gamma
n_field: 2    # (if on edge, use 3 fields, o.w. use 2 fields)
max_time: 500 # after this point, either mode stable or oscilattes around mode 

# Tunable parameters ===============
n_radial: 4  # \in [8, 12]
           # -- should be solvable by refinement
           # -- mult. factor of 1.5 from 6
n_theta: 12 # \in [16, 32] (determined by plasma shaping) (num points along field line) (for R/A = 0.5 \in [16, 24], at edge R/A = 0.95 \in [32, or more])
           # -- should be solvable by refinement
           # -- mult. factor of 1.5 from 16
n_xi: 6
n_energy: 4
error_tol: 1e-6 # Determines tolerance for numerical drift / integration error
           # -- mult. factor of 10 from 1e-5
freq_tol: 1e-5 # Determines tolerance for error b/w eigenvalues to declare convergence
           # (e.g. 1e-3, 5e-3)
delta_t: 1e-2 # If default timestep is too far away from optimal, may take longer
            # Adaptive timestepping (delta_t_method=1) starts from default delta_t
            # Vary from range [0.01, 0.04] (ky > 0.3 < 1)
            # For large ky (e.g. 10), need 5-10x shorter delta_t

            # Maybe try against delta_t_method = 0 (if time permits)
            
delta_t_method: 1 # adaptive time stepping from initial delta_t

profile_model: 9

# Output configuration
dump_dir: "sim_res/cgyro/p9"  # Directory for output files
verbose: False                # Enable verbose output
