# Resolution
N_ENERGY=8
N_XI=16
N_THETA=24
N_RADIAL=6
N_TOROIDAL=1
NONLINEAR_FLAG=0

BOX_SIZE=1
KY=+3.00000E-01

DELTA_T=+8.00000E-03
MAX_TIME=+1.00000E+02
PRINT_STEP=100

# Geometry (Miller)
RMIN=+7.00000E-01
RMAJ=+2.91908E+00

EQUILIBRIUM_MODEL=2
IPCCW=+1.00000E+00
BTCCW=-1.00000E+00

SHIFT=-0.47129633572709284
ZMAG=-0.22836728843961093
DZMAG=-0.20452959205994348
Q=4.006124664957441
S=3.9771691208523237
KAPPA=2.6727775904471835
S_KAPPA=0.46069334620299585
DELTA=-0.11259607994860293
S_DELTA=-0.27565169964100344
ZETA=-0.10051682069453471
S_ZETA=-0.3307905593527156

# Geometry (Advanced)
SHAPE_SIN3=0.01479478582178043
SHAPE_S_SIN3=0.04734352308474772
SHAPE_SIN4=0.012769145123331882
SHAPE_S_SIN4=0.05894331421672412
SHAPE_SIN5=0.002390542481307161
SHAPE_S_SIN5=0.01358233813291006
SHAPE_SIN6=0.0
SHAPE_S_SIN6=0.0
SHAPE_COS0=-0.0901358290094639
SHAPE_S_COS0=-0.09384532682164523
SHAPE_COS1=-0.07285282073619313
SHAPE_S_COS1=-0.21869867135610088
SHAPE_COS2=0.043296908098774664
SHAPE_S_COS2=0.17439506199595511
SHAPE_COS3=-0.002656506017101599
SHAPE_S_COS3=-0.004499101187435626
SHAPE_COS4=-0.006975211901718408
SHAPE_S_COS4=-0.034064538206212636
SHAPE_COS5=-0.003797388810535712
SHAPE_S_COS5=-0.02979704818665967
SHAPE_COS6=0.0
SHAPE_S_COS6=0.0

# Rotation (Sonic)
ROTATION_MODEL=2
GAMMA_E=0.11450551448486562
GAMMA_P=-0.9799738387233885
MACH=-0.33656548476708614

# Collisions (Sugama)
COLLISION_MODEL=4
NU_EE=+1.37094E-01

N_FIELD=2
BETAE_UNIT=+1.79319E-03
LAMBDA_STAR=+2.53286E-02

# Species
N_SPECIES=4

Z_1 =1
MASS_1=1.9834963307734492
DENS_1=1.7087657552839994
TEMP_1=2.226721276431002
DLNNDR_1=2.0359616246137464
DLNTDR_1=2.6896062621534282
SDLNNDR_1=-0.06262680865094754
SDLNTDR_1=0.017890386107279332

Z_2 =6
MASS_2=11.993445662974798
DENS_2=0.041659035482084564
TEMP_2=2.2562822205406388
DLNNDR_2=2.490521406514286
DLNTDR_2=2.7035674811204995
SDLNNDR_2=0.018086573881187624
SDLNTDR_2=0.01832163628982151

Z_3 =1
MASS_3=1.9812630716508743
DENS_3=0.04705412262103756
TEMP_3=38.2241290077088
DLNNDR_3=12.625219558418351
DLNTDR_3=2.474556859984265
SDLNNDR_3=-0.12400564887483782
SDLNTDR_3=0.033980464367597885

Z_4 =-1
MASS_4=0.0005460611309483525
DENS_4=2.0344223538083863
TEMP_4=2.0036808645178574
DLNNDR_4=2.2712496906604045
DLNTDR_4=5.686689975043468
SDLNNDR_4=-0.05299265916271834
SDLNTDR_4=-0.08705307267116852
