# Resolution
N_ENERGY=8
N_XI=16
N_THETA=24
N_RADIAL=6
N_TOROIDAL=1
NONLINEAR_FLAG=0

BOX_SIZE=1
KY=+3.00000E-01

DELTA_T=+8.00000E-03
MAX_TIME=+1.00000E+02
PRINT_STEP=100

# Geometry (Miller)
RMIN=+9.00000E-01
RMAJ=+2.88498E+00

EQUILIBRIUM_MODEL=2
IPCCW=+1.00000E+00
BTCCW=-1.00000E+00

SHIFT=-0.9197390793523962
ZMAG=-0.317643424119438
DZMAG=-1.3359335683162494
Q=7.888071910008277
S=5.755459370258928
KAPPA=2.936527905015315
S_KAPPA=1.1769111462699533
DELTA=-0.20753412795606208
S_DELTA=-0.6392431579644551
ZETA=-0.2761398579320764
S_ZETA=-1.0722692367889406

# Geometry (Advanced)
SHAPE_SIN3=0.023845340341861896
SHAPE_S_SIN3=-0.021674061479844228
SHAPE_SIN4=0.04247344105262374
SHAPE_S_SIN4=0.1682893446371252
SHAPE_SIN5=0.00043562674156496703
SHAPE_S_SIN5=-0.07823203271282494
SHAPE_SIN6=0.0
SHAPE_S_SIN6=0.0
SHAPE_COS0=-0.15034604194983325
SHAPE_S_COS0=-0.28452316138849176
SHAPE_COS1=-0.20147471713113935
SHAPE_S_COS1=-1.2819617566424975
SHAPE_COS2=0.13570323361512632
SHAPE_S_COS2=0.6523700844953919
SHAPE_COS3=0.004908960887928423
SHAPE_S_COS3=0.05783678964103128
SHAPE_COS4=-0.022330133833715675
SHAPE_S_COS4=-0.04629927882718863
SHAPE_COS5=-0.023511782911073954
SHAPE_S_COS5=-0.17967130273463394
SHAPE_COS6=0.0
SHAPE_S_COS6=0.0

# Rotation (Sonic)
ROTATION_MODEL=2
GAMMA_E=0.402447685487926
GAMMA_P=-5.104111893107943
MACH=-0.016398452525302448

# Collisions (Sugama)
COLLISION_MODEL=4
NU_EE=+4.32926E-01

N_FIELD=2
BETAE_UNIT=+5.12404E-04
LAMBDA_STAR=+3.27735E-02

# Species
N_SPECIES=4

Z_1 =1
MASS_1=1.9859415807769252
DENS_1=1.7617125705296508
TEMP_1=2.96603259443656
DLNNDR_1=3.399727680009562
DLNTDR_1=10.479198247505556
SDLNNDR_1=0.041966996685539965
SDLNTDR_1=0.6105808951235809

Z_2 =6
MASS_2=11.925226463582622
DENS_2=0.03923923086338299
TEMP_2=2.976887988784954
DLNNDR_2=8.40914740990469
DLNTDR_2=10.427211306159577
SDLNNDR_2=0.07402518004520209
SDLNTDR_2=0.5987142664001912

Z_3 =1
MASS_3=2.0275894108937162
DENS_3=0.012102879583625924
TEMP_3=60.78239552480146
DLNNDR_3=39.466047065504355
DLNTDR_3=1.6263565452159052
SDLNNDR_3=-0.8496017464328178
SDLNTDR_3=-0.1918409190513752

Z_4 =-1
MASS_4=0.0005260893169401124
DENS_4=1.9878876565117194
TEMP_4=2.007116672344242
DLNNDR_4=4.228462026102795
DLNTDR_4=12.869840324376348
SDLNNDR_4=0.038349217023295745
SDLNTDR_4=0.01299436853637788
