# Resolution
N_ENERGY=8
N_XI=16
N_THETA=24
N_RADIAL=6
N_TOROIDAL=1
NONLINEAR_FLAG=0

BOX_SIZE=1
KY=+3.00000E-01

DELTA_T=+8.00000E-03
MAX_TIME=+1.00000E+02
PRINT_STEP=100

# Geometry (Miller)
RMIN=+9.00000E-01
RMAJ=+2.84546E+00

EQUILIBRIUM_MODEL=2
IPCCW=+1.00000E+00
BTCCW=-1.00000E+00

SHIFT=-0.8652658107324249
ZMAG=-0.3203985895774574
DZMAG=-1.2337358764403337
Q=7.730730807128795
S=5.950206650354654
KAPPA=2.9044840006578223
S_KAPPA=1.1196686473797834
DELTA=-0.21681945807748376
S_DELTA=-0.6264997250903391
ZETA=-0.2522599546964673
S_ZETA=-0.991620037692104

# Geometry (Advanced)
SHAPE_SIN3=0.020049262786478065
SHAPE_S_SIN3=-0.011771551794408471
SHAPE_SIN4=0.041053383420504255
SHAPE_S_SIN4=0.14943648656588013
SHAPE_SIN5=-0.00036534606409324905
SHAPE_S_SIN5=-0.07156189030073075
SHAPE_SIN6=0.0
SHAPE_S_SIN6=0.0
SHAPE_COS0=-0.15680147513623655
SHAPE_S_COS0=-0.30532526161761486
SHAPE_COS1=-0.19968234842533578
SHAPE_S_COS1=-1.1761231356245028
SHAPE_COS2=0.13890013533097717
SHAPE_S_COS2=0.6321384688632679
SHAPE_COS3=0.0018156635600596047
SHAPE_S_COS3=0.06643649014184032
SHAPE_COS4=-0.02170313186175679
SHAPE_S_COS4=-0.07602276409403969
SHAPE_COS5=-0.023587904572226523
SHAPE_S_COS5=-0.17460143422079644
SHAPE_COS6=0.0
SHAPE_S_COS6=0.0

# Rotation (Sonic)
ROTATION_MODEL=2
GAMMA_E=0.31232129075646187
GAMMA_P=-3.6901597786368354
MACH=-0.05858966194553257

# Collisions (Sugama)
COLLISION_MODEL=4
NU_EE=+4.36894E-01

N_FIELD=2
BETAE_UNIT=+5.08198E-04
LAMBDA_STAR=+3.29420E-02

# Species
N_SPECIES=4

Z_1 =1
MASS_1=2.035419779525763
DENS_1=1.8090300767851313
TEMP_1=3.03327094048138
DLNNDR_1=2.932708470496234
DLNTDR_1=11.479140453931763
SDLNNDR_1=0.017125271228629516
SDLNTDR_1=0.2952003850665804

Z_2 =6
MASS_2=11.99766838410654
DENS_2=0.03677556081080401
TEMP_2=3.0215632889617448
DLNNDR_2=7.446778000799602
DLNTDR_2=11.705163399212251
SDLNNDR_2=0.010317740034227784
SDLNTDR_2=0.2932622025729761

Z_3 =1
MASS_3=1.9609972542690588
DENS_3=0.009654553943472702
TEMP_3=67.52242665674814
DLNNDR_3=41.024572901121665
DLNTDR_3=1.7967546447475367
SDLNNDR_3=-0.9648910491182634
SDLNTDR_3=-0.11277846108824113

Z_4 =-1
MASS_4=0.0005511495863394554
DENS_4=2.000179990521648
TEMP_4=2.0318342379838814
DLNNDR_4=3.6165349382893512
DLNTDR_4=11.889462234126523
SDLNNDR_4=0.011818071961936492
SDLNTDR_4=-0.024243624351147602
