# Resolution
N_ENERGY=8
N_XI=16
N_THETA=24
N_RADIAL=6
N_TOROIDAL=1
NONLINEAR_FLAG=0

BOX_SIZE=1
KY=+3.00000E-01

DELTA_T=+8.00000E-03
MAX_TIME=+1.00000E+02
PRINT_STEP=100

# Geometry (Miller)
RMIN=+5.00000E-01
RMAJ=+2.95443E+00

EQUILIBRIUM_MODEL=2
IPCCW=+1.00000E+00
BTCCW=-1.00000E+00

SHIFT=-0.2521333999029902
ZMAG=-0.20724415446509234
DZMAG=-0.05270736065737225
Q=2.474170198541361
S=2.2815103918520565
KAPPA=2.4789764622682995
S_KAPPA=0.1905504823589836
DELTA=-0.05634185399009708
S_DELTA=-0.09955334246576869
ZETA=-0.0383694843411895
S_ZETA=-0.10519594013219899

# Geometry (Advanced)
SHAPE_SIN3=0.005442221458887991
SHAPE_S_SIN3=0.02016642952849939
SHAPE_SIN4=0.0026268178452433693
SHAPE_S_SIN4=0.012326101502006427
SHAPE_SIN5=0.0005226856617060163
SHAPE_S_SIN5=0.004564150014206567
SHAPE_SIN6=0.0
SHAPE_S_SIN6=0.0
SHAPE_COS0=-0.07426067115172573
SHAPE_S_COS0=-0.032221952855816055
SHAPE_COS1=-0.03477209563648053
SHAPE_S_COS1=-0.059505686352930263
SHAPE_COS2=0.012588153715749095
SHAPE_S_COS2=0.035509264366260326
SHAPE_COS3=-0.0013321714385324914
SHAPE_S_COS3=-0.004781816037825265
SHAPE_COS4=-0.001456632779773771
SHAPE_S_COS4=-0.007947623771102998
SHAPE_COS5=-0.0004395032878743606
SHAPE_S_COS5=-0.004738131695551849
SHAPE_COS6=0.0
SHAPE_S_COS6=0.0

# Rotation (Sonic)
ROTATION_MODEL=2
GAMMA_E=0.10917389100178312
GAMMA_P=-0.7765686312256046
MACH=-0.39498562111677005

# Collisions (Sugama)
COLLISION_MODEL=4
NU_EE=+5.94795E-02

N_FIELD=2
BETAE_UNIT=+5.24948E-03
LAMBDA_STAR=+1.97571E-02

# Species
N_SPECIES=4

Z_1 =1
MASS_1=1.959672083174462
DENS_1=1.7080692011391987
TEMP_1=1.6106126739230915
DLNNDR_1=2.629782698321291
DLNTDR_1=3.303041836723126
SDLNNDR_1=0.02412542652099625
SDLNTDR_1=-0.08662804554662751

Z_2 =6
MASS_2=12.061495547461417
DENS_2=0.03539201028495154
TEMP_2=1.6087412040830906
DLNNDR_2=0.8191650208011287
DLNTDR_2=3.4221366298732376
SDLNNDR_2=0.027432143652930077
SDLNTDR_2=-0.08394071552582608

Z_3 =1
MASS_3=2.037881490118428
DENS_3=0.08763388628008306
TEMP_3=26.377145735671824
DLNNDR_3=7.604447012373482
DLNTDR_3=1.499682926538667
SDLNNDR_3=-0.04741594060795863
SDLNTDR_3=0.24664574379709026

Z_4 =-1
MASS_4=0.0005317290715158994
DENS_4=1.9707562658427755
TEMP_4=2.0275763213495566
DLNNDR_4=2.664042281030273
DLNTDR_4=5.012596091462541
SDLNNDR_4=0.020131989246773695
SDLNTDR_4=-0.04259425766568255
