# Resolution
N_ENERGY=8
N_XI=16
N_THETA=24
N_RADIAL=6
N_TOROIDAL=1
NONLINEAR_FLAG=0

BOX_SIZE=1
KY=+3.00000E-01

DELTA_T=+8.00000E-03
MAX_TIME=+1.00000E+02
PRINT_STEP=100

# Geometry (Miller)
RMIN=+9.00000E-01
RMAJ=+2.86635E+00

EQUILIBRIUM_MODEL=2
IPCCW=+1.00000E+00
BTCCW=-1.00000E+00

SHIFT=-0.777879501799347
ZMAG=-0.438839600444377
DZMAG=-1.288939874228805
Q=7.19174151055393
S=5.515150518390824
KAPPA=2.9372778150808747
S_KAPPA=0.8847443165197313
DELTA=-0.11456307832686172
S_DELTA=-0.2834324994747842
ZETA=-0.22227417401725774
S_ZETA=-0.8463746329208419

# Geometry (Advanced)
SHAPE_SIN3=-0.005241017693427915
SHAPE_S_SIN3=-0.11776105685247876
SHAPE_SIN4=0.0294711311646952
SHAPE_S_SIN4=0.06733300927813911
SHAPE_SIN5=0.001765534903001206
SHAPE_S_SIN5=-0.028877869986828543
SHAPE_SIN6=0.0
SHAPE_S_SIN6=0.0
SHAPE_COS0=-0.10557472016825475
SHAPE_S_COS0=-0.07612505064001751
SHAPE_COS1=-0.2854042462495264
SHAPE_S_COS1=-1.1904890104278187
SHAPE_COS2=0.07275444478714543
SHAPE_S_COS2=0.3586386644318378
SHAPE_COS3=-0.014454569044553587
SHAPE_S_COS3=0.01798569719845483
SHAPE_COS4=-0.01243961260224867
SHAPE_S_COS4=-0.01123350637005924
SHAPE_COS5=-0.022317562427656822
SHAPE_S_COS5=-0.14624624786330548
SHAPE_COS6=0.0
SHAPE_S_COS6=0.0

# Rotation (Sonic)
ROTATION_MODEL=2
GAMMA_E=0.20479352544747687
GAMMA_P=-2.282109377351322
MACH=-0.2333119023060098

# Collisions (Sugama)
COLLISION_MODEL=4
NU_EE=+4.44522E-01

N_FIELD=2
BETAE_UNIT=+8.42434E-04
LAMBDA_STAR=+2.73905E-02

# Species
N_SPECIES=4

Z_1 =1
MASS_1=1.9977686806525248
DENS_1=1.8415787939840416
TEMP_1=2.8713639551696044
DLNNDR_1=1.3156798762732471
DLNTDR_1=5.937611455098851
SDLNNDR_1=-0.011892417592589088
SDLNTDR_1=0.09064125468325077

Z_2 =6
MASS_2=11.969014493344204
DENS_2=0.0338101173308204
TEMP_2=2.861498427928476
DLNNDR_2=2.1878135903683753
DLNTDR_2=5.730329866501907
SDLNNDR_2=0.020951070376152826
SDLNTDR_2=0.09052593196859249

Z_3 =1
MASS_3=1.9766487544809952
DENS_3=0.00694053153356808
TEMP_3=55.153908847187786
DLNNDR_3=39.94962088876913
DLNTDR_3=1.6604485586315945
SDLNNDR_3=-0.9514672114520248
SDLNTDR_3=-0.03581542971167494

Z_4 =-1
MASS_4=0.0005532861607962323
DENS_4=2.0295854822617763
TEMP_4=2.0180557414760005
DLNNDR_4=1.5839513908948242
DLNTDR_4=9.922166287171638
SDLNNDR_4=-0.01183503709396778
SDLNTDR_4=0.032656493138508366
