# Resolution
N_ENERGY=8
N_XI=16
N_THETA=24
N_RADIAL=6
N_TOROIDAL=1
NONLINEAR_FLAG=0

BOX_SIZE=1
KY=+3.00000E-01

DELTA_T=+8.00000E-03
MAX_TIME=+1.00000E+02
PRINT_STEP=100

# Geometry (Miller)
RMIN=+7.00000E-01
RMAJ=+2.96077E+00

EQUILIBRIUM_MODEL=2
IPCCW=+1.00000E+00
BTCCW=-1.00000E+00

SHIFT=-0.580099593374981
ZMAG=-0.18364248569445088
DZMAG=-0.2536391402888666
Q=4.212612425501798
S=4.660185318904286
KAPPA=2.6024273430104903
S_KAPPA=0.529274276786293
DELTA=-0.09869673360226643
S_DELTA=-0.2684773120903707
ZETA=-0.1150889298892893
S_ZETA=-0.3726969653660349

# Geometry (Advanced)
SHAPE_SIN3=0.018709726973099642
SHAPE_S_SIN3=0.041939370084527035
SHAPE_SIN4=0.01404429100182819
SHAPE_S_SIN4=0.06517987610958659
SHAPE_SIN5=0.003073498566082201
SHAPE_S_SIN5=0.010816296443199997
SHAPE_SIN6=0.0
SHAPE_S_SIN6=0.0
SHAPE_COS0=-0.101311319348521
SHAPE_S_COS0=-0.12530857835425263
SHAPE_COS1=-0.058646565799158626
SHAPE_S_COS1=-0.21061981165714078
SHAPE_COS2=0.047093873391460636
SHAPE_S_COS2=0.19411253752727048
SHAPE_COS3=-0.0014306241539324906
SHAPE_S_COS3=0.002458150952494311
SHAPE_COS4=-0.007478869873945355
SHAPE_S_COS4=-0.033175524100164444
SHAPE_COS5=-0.0035538977342461447
SHAPE_S_COS5=-0.025715414430589327
SHAPE_COS6=0.0
SHAPE_S_COS6=0.0

# Rotation (Sonic)
ROTATION_MODEL=2
GAMMA_E=0.1287950907320923
GAMMA_P=-1.0996871603312455
MACH=-0.3345583256412522

# Collisions (Sugama)
COLLISION_MODEL=4
NU_EE=+1.18093E-01

N_FIELD=2
BETAE_UNIT=+1.93699E-03
LAMBDA_STAR=+2.53135E-02

# Species
N_SPECIES=4

Z_1 =1
MASS_1=2.0635032816846675
DENS_1=1.6413333991042232
TEMP_1=2.251793300998991
DLNNDR_1=2.1470302015050864
DLNTDR_1=4.933172766160575
SDLNNDR_1=-0.010761314491402083
SDLNTDR_1=-0.013511548200772168

Z_2 =6
MASS_2=11.978506445260964
DENS_2=0.04137883451580003
TEMP_2=2.2784475745388066
DLNNDR_2=0.46786729117195286
DLNTDR_2=4.8973234605443885
SDLNNDR_2=0.0725277650760557
SDLNTDR_2=-0.013839258087075347

Z_3 =1
MASS_3=1.9647738485892896
DENS_3=0.086093295800253
TEMP_3=36.190934070249895
DLNNDR_3=13.67188457833129
DLNTDR_3=1.5932094089316768
SDLNNDR_3=-0.2278967573475876
SDLNTDR_3=0.05795435920211463

Z_4 =-1
MASS_4=0.0005467502793233368
DENS_4=1.9246888177053671
TEMP_4=1.9992477881729847
DLNNDR_4=2.4252079099012653
DLNTDR_4=5.866011165236091
SDLNNDR_4=-0.010905919277912443
SDLNTDR_4=-0.026846731005732323
