# Resolution
N_ENERGY=8
N_XI=16
N_THETA=24
N_RADIAL=6
N_TOROIDAL=1
NONLINEAR_FLAG=0

BOX_SIZE=1
KY=+3.00000E-01

DELTA_T=+8.00000E-03
MAX_TIME=+1.00000E+02
PRINT_STEP=100

# Geometry (Miller)
RMIN=+7.00000E-01
RMAJ=+2.92305E+00

EQUILIBRIUM_MODEL=2
IPCCW=+1.00000E+00
BTCCW=-1.00000E+00

SHIFT=-0.5526164018988744
ZMAG=-0.20734662037871995
DZMAG=-0.22983554595524247
Q=4.109771407717481
S=4.294767781793036
KAPPA=2.6075343608366954
S_KAPPA=0.48182853886517474
DELTA=-0.10056859269789024
S_DELTA=-0.2617565165217717
ZETA=-0.10616443562685546
S_ZETA=-0.3597000587007045

# Geometry (Advanced)
SHAPE_SIN3=0.016309343304386197
SHAPE_S_SIN3=0.03870826365609575
SHAPE_SIN4=0.013406541617393887
SHAPE_S_SIN4=0.059799151578931224
SHAPE_SIN5=0.0028457489998080033
SHAPE_S_SIN5=0.006973464057714654
SHAPE_SIN6=0.0
SHAPE_S_SIN6=0.0
SHAPE_COS0=-0.10527201117715268
SHAPE_S_COS0=-0.11726196032376238
SHAPE_COS1=-0.06600381674673325
SHAPE_S_COS1=-0.2074733425158386
SHAPE_COS2=0.04568428182258234
SHAPE_S_COS2=0.19151843235271737
SHAPE_COS3=-0.0019627827442733163
SHAPE_S_COS3=0.0015688234746354594
SHAPE_COS4=-0.007542851795738555
SHAPE_S_COS4=-0.04150666920494535
SHAPE_COS5=-0.0036814371642836
SHAPE_S_COS5=-0.02399367054562262
SHAPE_COS6=0.0
SHAPE_S_COS6=0.0

# Rotation (Sonic)
ROTATION_MODEL=2
GAMMA_E=0.1367426525591059
GAMMA_P=-1.1762767239944287
MACH=-0.322649238813726

# Collisions (Sugama)
COLLISION_MODEL=4
NU_EE=+1.23008E-01

N_FIELD=2
BETAE_UNIT=+1.92091E-03
LAMBDA_STAR=+2.51969E-02

# Species
N_SPECIES=4

Z_1 =1
MASS_1=2.0260499688108147
DENS_1=1.7248454211482507
TEMP_1=2.2618781363924114
DLNNDR_1=2.2297947290160467
DLNTDR_1=4.964568327979595
SDLNNDR_1=-0.020373862437314094
SDLNTDR_1=0.052175147333598

Z_2 =6
MASS_2=12.06908460971309
DENS_2=0.039412380793525256
TEMP_2=2.340086959121349
DLNNDR_2=0.2624622783899734
DLNTDR_2=5.016880239824393
SDLNNDR_2=0.06002565488215388
SDLNTDR_2=0.05182997820892497

Z_3 =1
MASS_3=2.0124572050164877
DENS_3=0.07150772143116377
TEMP_3=38.18740309719948
DLNNDR_3=11.828829578844072
DLNTDR_3=2.0483993535895904
SDLNNDR_3=-0.009020900691220435
SDLNTDR_3=0.009372545271792404

Z_4 =-1
MASS_4=0.0005387493472581624
DENS_4=1.9743386455970051
TEMP_4=1.947112147874231
DLNNDR_4=2.403329965797388
DLNTDR_4=5.646768597353182
SDLNNDR_4=-0.010670101256215123
SDLNTDR_4=-0.028194310650228663
