# Resolution
N_ENERGY=8
N_XI=16
N_THETA=24
N_RADIAL=6
N_TOROIDAL=1
NONLINEAR_FLAG=0

BOX_SIZE=1
KY=+3.00000E-01

DELTA_T=+8.00000E-03
MAX_TIME=+1.00000E+02
PRINT_STEP=100

# Geometry (Miller)
RMIN=+5.00000E-01
RMAJ=+2.90348E+00

EQUILIBRIUM_MODEL=2
IPCCW=+1.00000E+00
BTCCW=-1.00000E+00

SHIFT=-0.3428881493956625
ZMAG=0.0020333389844055354
DZMAG=-0.0016234999242736225
Q=2.3511728104312293
S=2.1960988889559587
KAPPA=2.4668291127492035
S_KAPPA=0.0833153741199015
DELTA=-0.16373523860713102
S_DELTA=-0.24556716798952496
ZETA=-0.028038768596865396
S_ZETA=-0.08406036625587376

# Geometry (Advanced)
SHAPE_SIN3=0.005096494551659517
SHAPE_S_SIN3=0.01847258423174624
SHAPE_SIN4=0.0028535432060817966
SHAPE_S_SIN4=0.015122670415621193
SHAPE_SIN5=0.00011067243416932194
SHAPE_S_SIN5=-8.722465209051475e-05
SHAPE_SIN6=0.0
SHAPE_S_SIN6=0.0
SHAPE_COS0=-0.021493094734971983
SHAPE_S_COS0=-0.004895344193999942
SHAPE_COS1=-0.003208378105422692
SHAPE_S_COS1=-0.0012882027217925424
SHAPE_COS2=-0.0005554681842548674
SHAPE_S_COS2=-0.00016661303175032245
SHAPE_COS3=-0.00018231820727072342
SHAPE_S_COS3=0.00042361968636508854
SHAPE_COS4=-3.162013528375441e-05
SHAPE_S_COS4=-0.0002513455200969395
SHAPE_COS5=-5.7266478799044686e-05
SHAPE_S_COS5=0.0009454518216372311
SHAPE_COS6=0.0
SHAPE_S_COS6=0.0

# Rotation (Sonic)
ROTATION_MODEL=2
GAMMA_E=0.16620701737327187
GAMMA_P=-1.1432832989137764
MACH=-0.5781231590553244

# Collisions (Sugama)
COLLISION_MODEL=4
NU_EE=+7.47188E-02

N_FIELD=2
BETAE_UNIT=+5.11093E-03
LAMBDA_STAR=+1.91717E-02

# Species
N_SPECIES=4

Z_1 =1
MASS_1=2.0212888772619446
DENS_1=1.2256609414805002
TEMP_1=1.9545017329904235
DLNNDR_1=2.8540548633004175
DLNTDR_1=2.8984771549425554
SDLNNDR_1=-0.029166972879511366
SDLNTDR_1=-0.057161131599773374

Z_2 =6
MASS_2=11.883657535598207
DENS_2=0.12165007310787607
TEMP_2=1.983415046898318
DLNNDR_2=0.7954840996854581
DLNTDR_2=2.912475034388036
SDLNNDR_2=0.06530092901601584
SDLNTDR_2=-0.05957871794342402

Z_3 =1
MASS_3=2.000635403944629
DENS_3=0.08137876627661915
TEMP_3=25.584491156944363
DLNNDR_3=8.38656820834284
DLNTDR_3=1.8534448190911452
SDLNNDR_3=-0.04791421294668714
SDLNTDR_3=-0.1160406342877691

Z_4 =-1
MASS_4=0.0005408006438583867
DENS_4=2.0085666300727394
TEMP_4=2.016224670320221
DLNNDR_4=2.2746925639140096
DLNTDR_4=5.981689557903051
SDLNNDR_4=0.0032377608750174063
SDLNTDR_4=-0.02817323026503707
