# Resolution
N_ENERGY=8
N_XI=16
N_THETA=24
N_RADIAL=6
N_TOROIDAL=1
NONLINEAR_FLAG=0

BOX_SIZE=1
KY=+3.00000E-01

DELTA_T=+8.00000E-03
MAX_TIME=+1.00000E+02
PRINT_STEP=100

# Geometry (Miller)
RMIN=+9.00000E-01
RMAJ=+2.85646E+00

EQUILIBRIUM_MODEL=2
IPCCW=+1.00000E+00
BTCCW=-1.00000E+00

SHIFT=-0.7838592210923936
ZMAG=-0.33269415930513596
DZMAG=-1.1041598219807094
Q=7.442769043313477
S=5.888462342518077
KAPPA=2.8007406382391586
S_KAPPA=1.1462693382391507
DELTA=-0.23076377358233346
S_DELTA=-0.6608783997817474
ZETA=-0.24685808031418607
S_ZETA=-0.9426404245726974

# Geometry (Advanced)
SHAPE_SIN3=0.022421751476291718
SHAPE_S_SIN3=0.02418416328221511
SHAPE_SIN4=0.039301575666420466
SHAPE_S_SIN4=0.15171940417666108
SHAPE_SIN5=0.000494819219561478
SHAPE_S_SIN5=-0.05216726284067806
SHAPE_SIN6=0.0
SHAPE_S_SIN6=0.0
SHAPE_COS0=-0.1290843196400972
SHAPE_S_COS0=-0.2800052262710627
SHAPE_COS1=-0.1960749810763996
SHAPE_S_COS1=-1.0866827092301456
SHAPE_COS2=0.13443404049511354
SHAPE_S_COS2=0.654930956276224
SHAPE_COS3=0.002053409869531889
SHAPE_S_COS3=0.0636128160891537
SHAPE_COS4=-0.02211968779780365
SHAPE_S_COS4=-0.08467687778249504
SHAPE_COS5=-0.020828398328658924
SHAPE_S_COS5=-0.15673937235249635
SHAPE_COS6=0.0
SHAPE_S_COS6=0.0

# Rotation (Sonic)
ROTATION_MODEL=2
GAMMA_E=0.2722339129250255
GAMMA_P=-3.2615473876008187
MACH=-0.06556365799506297

# Collisions (Sugama)
COLLISION_MODEL=4
NU_EE=+4.61448E-01

N_FIELD=2
BETAE_UNIT=+4.83683E-04
LAMBDA_STAR=+3.31654E-02

# Species
N_SPECIES=4

Z_1 =1
MASS_1=1.957220997738885
DENS_1=1.775879744089257
TEMP_1=2.866372946694945
DLNNDR_1=2.9299358052192135
DLNTDR_1=11.349147483904915
SDLNNDR_1=-0.03383731932060406
SDLNTDR_1=0.1786374335384462

Z_2 =6
MASS_2=12.136455956210316
DENS_2=0.03543506977791873
TEMP_2=2.9088058173875795
DLNNDR_2=8.507514319037899
DLNTDR_2=11.454582419267052
SDLNNDR_2=0.08410006101637944
SDLNTDR_2=0.1746520625224935

Z_3 =1
MASS_3=1.9582533743379194
DENS_3=0.007805020205635962
TEMP_3=64.17903397589366
DLNNDR_3=35.63372761834535
DLNTDR_3=2.1356868867169494
SDLNNDR_3=-0.5135549668928119
SDLNTDR_3=-0.17970636248660143

Z_4 =-1
MASS_4=0.000538918602605647
DENS_4=2.002574947882823
TEMP_4=1.982697164694839
DLNNDR_4=3.6941928475184693
DLNTDR_4=11.234413449786247
SDLNNDR_4=-0.024330741273603913
SDLNTDR_4=-0.06134451172060732
