# Resolution
N_ENERGY=8
N_XI=16
N_THETA=24
N_RADIAL=6
N_TOROIDAL=1
NONLINEAR_FLAG=0

BOX_SIZE=1
KY=+3.00000E-01

DELTA_T=+8.00000E-03
MAX_TIME=+1.00000E+02
PRINT_STEP=100

# Geometry (Miller)
RMIN=+5.00000E-01
RMAJ=+3.00371E+00

EQUILIBRIUM_MODEL=2
IPCCW=+1.00000E+00
BTCCW=-1.00000E+00

SHIFT=-0.3459484460493438
ZMAG=-0.22093967468733872
DZMAG=-0.13637546401168746
Q=2.6877888704857287
S=2.284066498455932
KAPPA=2.6215421015916425
S_KAPPA=0.18249066243962087
DELTA=-0.023060705894110176
S_DELTA=-0.043009127295153854
ZETA=-0.046940137499079514
S_ZETA=-0.11692544269267449

# Geometry (Advanced)
SHAPE_SIN3=0.0056463906308428955
SHAPE_S_SIN3=0.014855620063898223
SHAPE_SIN4=0.0030872257390334324
SHAPE_S_SIN4=0.012944064392741325
SHAPE_SIN5=0.0006747473535028403
SHAPE_S_SIN5=0.005894370250309462
SHAPE_SIN6=0.0
SHAPE_S_SIN6=0.0
SHAPE_COS0=-0.09541100155293564
SHAPE_S_COS0=-0.02242801007200193
SHAPE_COS1=-0.06427151153109198
SHAPE_S_COS1=-0.11444849580216858
SHAPE_COS2=0.004891462760419619
SHAPE_S_COS2=0.019718362530595553
SHAPE_COS3=-0.0031491073386527004
SHAPE_S_COS3=-0.009779467429763674
SHAPE_COS4=-0.0018901916281773424
SHAPE_S_COS4=-0.007789961202927272
SHAPE_COS5=-0.0007311659942067498
SHAPE_S_COS5=-0.01182977480540179
SHAPE_COS6=0.0
SHAPE_S_COS6=0.0

# Rotation (Sonic)
ROTATION_MODEL=2
GAMMA_E=0.15460829279116806
GAMMA_P=-1.282299812333396
MACH=-0.49154442108906304

# Collisions (Sugama)
COLLISION_MODEL=4
NU_EE=+7.04060E-02

N_FIELD=2
BETAE_UNIT=+6.24246E-03
LAMBDA_STAR=+1.81507E-02

# Species
N_SPECIES=4

Z_1 =1
MASS_1=2.060287940578108
DENS_1=1.7428513279569193
TEMP_1=2.362908620491619
DLNNDR_1=1.3185785825301732
DLNTDR_1=6.492051335927615
SDLNNDR_1=0.006885927970193187
SDLNTDR_1=-0.10445814293923056

Z_2 =6
MASS_2=12.23786656194892
DENS_2=0.025467225454105742
TEMP_2=2.3250295680603377
DLNNDR_2=-1.1302402461044023
DLNTDR_2=6.728588068758551
SDLNNDR_2=0.013914369480651802
SDLNTDR_2=-0.10330097743050942

Z_3 =1
MASS_3=1.9996683266560478
DENS_3=0.14438803649728066
TEMP_3=24.69181932070016
DLNNDR_3=6.765463369618695
DLNTDR_3=1.255836728092434
SDLNNDR_3=0.0006500793238267267
SDLNTDR_3=-0.0387734898349239

Z_4 =-1
MASS_4=0.0005490658530123763
DENS_4=2.0072318885366576
TEMP_4=2.0155603574237513
DLNNDR_4=1.569120103527018
DLNTDR_4=4.655103730763349
SDLNNDR_4=0.006765275734673547
SDLNTDR_4=-0.01781980023995445
