# Resolution
N_ENERGY=8
N_XI=16
N_THETA=24
N_RADIAL=6
N_TOROIDAL=1
NONLINEAR_FLAG=0

BOX_SIZE=1
KY=+3.00000E-01

DELTA_T=+8.00000E-03
MAX_TIME=+1.00000E+02
PRINT_STEP=100

# Geometry (Miller)
RMIN=+9.00000E-01
RMAJ=+2.78336E+00

EQUILIBRIUM_MODEL=2
IPCCW=+1.00000E+00
BTCCW=-1.00000E+00

SHIFT=-0.8258071925321644
ZMAG=-0.0021995311782454273
DZMAG=0.03307972808647092
Q=6.233063550074423
S=3.411354624989975
KAPPA=2.534320560463396
S_KAPPA=0.4099735900932448
DELTA=-0.5754728563727078
S_DELTA=-1.6038321969913887
ZETA=-0.17972015319550838
S_ZETA=-0.5100238878865436

# Geometry (Advanced)
SHAPE_SIN3=0.03706652969453933
SHAPE_S_SIN3=0.14311660291516792
SHAPE_SIN4=0.05818031579734691
SHAPE_S_SIN4=0.2855270840910805
SHAPE_SIN5=-0.010032509149381214
SHAPE_S_SIN5=-0.054686270969274725
SHAPE_SIN6=0.0
SHAPE_S_SIN6=0.0
SHAPE_COS0=-0.02887397826801697
SHAPE_S_COS0=-0.030594322604097918
SHAPE_COS1=0.00030145198848409476
SHAPE_S_COS1=0.03950683437018479
SHAPE_COS2=0.0008301209495130422
SHAPE_S_COS2=0.025807668495766628
SHAPE_COS3=-0.0010724710722382765
SHAPE_S_COS3=0.001129224372928807
SHAPE_COS4=-0.0017927898159761232
SHAPE_S_COS4=-0.004430414066333106
SHAPE_COS5=0.0002968355188556374
SHAPE_S_COS5=0.01201997256584254
SHAPE_COS6=0.0
SHAPE_S_COS6=0.0

# Rotation (Sonic)
ROTATION_MODEL=2
GAMMA_E=0.08206441298946787
GAMMA_P=-0.819484572911066
MACH=-0.10093397448781538

# Collisions (Sugama)
COLLISION_MODEL=4
NU_EE=+1.02347E+00

N_FIELD=2
BETAE_UNIT=+3.52862E-04
LAMBDA_STAR=+3.03680E-02

# Species
N_SPECIES=4

Z_1 =1
MASS_1=2.029634743526147
DENS_1=1.5015127303963594
TEMP_1=2.6390812451645127
DLNNDR_1=5.406922038333152
DLNTDR_1=8.121299427283855
SDLNNDR_1=0.07171942352895154
SDLNTDR_1=0.033671910545759604

Z_2 =6
MASS_2=12.007805498126256
DENS_2=0.08332656838116839
TEMP_2=2.5870618999092736
DLNNDR_2=8.5746265818232
DLNTDR_2=8.214680034828254
SDLNNDR_2=0.07829309576730156
SDLNTDR_2=0.03438452937618383

Z_3 =1
MASS_3=2.002730822061931
DENS_3=0.0005678822214189453
TEMP_3=105.87313496057111
DLNNDR_3=38.0958867959876
DLNTDR_3=-3.9312582983884106
SDLNNDR_3=-5.928501750730639
SDLNTDR_3=5.300395021108826

Z_4 =-1
MASS_4=0.0005256922239190564
DENS_4=1.9765234519113304
TEMP_4=2.0048753736513865
DLNNDR_4=6.330642104452243
DLNTDR_4=13.141141077100858
SDLNNDR_4=0.0667903526752984
SDLNTDR_4=-0.023131595649777955
