# Resolution
N_ENERGY=8
N_XI=16
N_THETA=24
N_RADIAL=6
N_TOROIDAL=1
NONLINEAR_FLAG=0

BOX_SIZE=1
KY=+3.00000E-01

DELTA_T=+8.00000E-03
MAX_TIME=+1.00000E+02
PRINT_STEP=100

# Geometry (Miller)
RMIN=+9.00000E-01
RMAJ=+2.85575E+00

EQUILIBRIUM_MODEL=2
IPCCW=+1.00000E+00
BTCCW=-1.00000E+00

SHIFT=-0.7868619887563133
ZMAG=-0.3250451377294785
DZMAG=-1.253082684547554
Q=7.535213425540331
S=5.712390921926279
KAPPA=2.8414552492407683
S_KAPPA=1.283446693245355
DELTA=-0.21128049980613878
S_DELTA=-0.6415507814916781
ZETA=-0.25387966658571076
S_ZETA=-1.123333178269649

# Geometry (Advanced)
SHAPE_SIN3=0.022066058810718353
SHAPE_S_SIN3=-0.009081130330230978
SHAPE_SIN4=0.0366008016802942
SHAPE_S_SIN4=0.1441312358847757
SHAPE_SIN5=0.0005193581772932027
SHAPE_S_SIN5=-0.0742733721388274
SHAPE_SIN6=0.0
SHAPE_S_SIN6=0.0
SHAPE_COS0=-0.12981555205252265
SHAPE_S_COS0=-0.31876625771472555
SHAPE_COS1=-0.20437394005834475
SHAPE_S_COS1=-1.1864765830881618
SHAPE_COS2=0.1257023232497034
SHAPE_S_COS2=0.6647311424749445
SHAPE_COS3=0.003920560904784169
SHAPE_S_COS3=0.06515119615454354
SHAPE_COS4=-0.021181489041128147
SHAPE_S_COS4=-0.08881370042566339
SHAPE_COS5=-0.02034491466659876
SHAPE_S_COS5=-0.1531346387583488
SHAPE_COS6=0.0
SHAPE_S_COS6=0.0

# Rotation (Sonic)
ROTATION_MODEL=2
GAMMA_E=0.28546876761165185
GAMMA_P=-3.3804024959099728
MACH=-0.10070525595026789

# Collisions (Sugama)
COLLISION_MODEL=4
NU_EE=+4.71425E-01

N_FIELD=2
BETAE_UNIT=+4.78039E-04
LAMBDA_STAR=+3.32533E-02

# Species
N_SPECIES=4

Z_1 =1
MASS_1=1.9444201351330723
DENS_1=1.7999756501685393
TEMP_1=2.949803565769746
DLNNDR_1=4.286713398694556
DLNTDR_1=5.694048763527393
SDLNNDR_1=0.07442122480793922
SDLNTDR_1=0.2123211932633513

Z_2 =6
MASS_2=11.881506980363799
DENS_2=0.033599636575232045
TEMP_2=3.003890669987051
DLNNDR_2=7.614924441158493
DLNTDR_2=5.844207623521209
SDLNNDR_2=0.12372401532657862
SDLNTDR_2=0.20600916813447126

Z_3 =1
MASS_3=2.001729480222875
DENS_3=0.006768312579575676
TEMP_3=64.13912036856533
DLNNDR_3=38.50376658855595
DLNTDR_3=1.8295604614798164
SDLNNDR_3=-0.8109010980015329
SDLNTDR_3=-0.007914088845082625

Z_4 =-1
MASS_4=0.0005474274531184521
DENS_4=1.9519995834996182
TEMP_4=2.0057128512946463
DLNNDR_4=4.664883048810385
DLNTDR_4=12.403751917576292
SDLNNDR_4=0.0729798078824734
SDLNTDR_4=-0.005531722939848784
