# Resolution
N_ENERGY=8
N_XI=16
N_THETA=24
N_RADIAL=6
N_TOROIDAL=1
NONLINEAR_FLAG=0

BOX_SIZE=1
KY=+3.00000E-01

DELTA_T=+8.00000E-03
MAX_TIME=+1.00000E+02
PRINT_STEP=100

# Geometry (Miller)
RMIN=+5.00000E-01
RMAJ=+2.73841E+00

EQUILIBRIUM_MODEL=2
IPCCW=+1.00000E+00
BTCCW=-1.00000E+00

SHIFT=-0.08835749856271011
ZMAG=0.009239661516469197
DZMAG=0.01005434779696986
Q=2.500759741465255
S=2.0915831814251886
KAPPA=2.1774086243039843
S_KAPPA=0.0770051085206229
DELTA=0.15958323210152398
S_DELTA=0.25490136151910914
ZETA=-0.014122105866313947
S_ZETA=-0.030316640165109175

# Geometry (Advanced)
SHAPE_SIN3=-0.001881062837693652
SHAPE_S_SIN3=-0.006642349299436088
SHAPE_SIN4=-3.8792521490809015e-05
SHAPE_S_SIN4=-0.006773487836470281
SHAPE_SIN5=-0.0001386522592733593
SHAPE_S_SIN5=-0.0012966718852012893
SHAPE_SIN6=0.0
SHAPE_S_SIN6=0.0
SHAPE_COS0=-0.015908890893684493
SHAPE_S_COS0=-0.0021053415394346776
SHAPE_COS1=0.0004175744124523253
SHAPE_S_COS1=0.004464951595199718
SHAPE_COS2=-0.0016949966776290185
SHAPE_S_COS2=-0.0019553920585045383
SHAPE_COS3=-0.0002678326160487147
SHAPE_S_COS3=0.002531510229159992
SHAPE_COS4=4.1629274575726146e-05
SHAPE_S_COS4=0.002247411152445833
SHAPE_COS5=-8.914974620139923e-06
SHAPE_S_COS5=0.001682132688110241
SHAPE_COS6=0.0
SHAPE_S_COS6=0.0

# Rotation (Sonic)
ROTATION_MODEL=2
GAMMA_E=0.10205642096156345
GAMMA_P=-0.6729315770287451
MACH=-0.27659529571627484

# Collisions (Sugama)
COLLISION_MODEL=4
NU_EE=+9.78415E-02

N_FIELD=2
BETAE_UNIT=+3.44119E-03
LAMBDA_STAR=+2.05665E-02

# Species
N_SPECIES=4

Z_1 =1
MASS_1=2.0082668042489553
DENS_1=1.4979398444716627
TEMP_1=1.30090468905101
DLNNDR_1=2.05950312312759
DLNTDR_1=3.0725903474784912
SDLNNDR_1=0.02352964438059773
SDLNTDR_1=0.01658178149190196

Z_2 =6
MASS_2=11.914265749312797
DENS_2=0.08363459934023298
TEMP_2=1.3630242258217335
DLNNDR_2=1.257932477186338
DLNTDR_2=3.1402584392870336
SDLNNDR_2=0.0386190192798971
SDLNTDR_2=0.016508594962413504

Z_3 =1
MASS_3=2.0479362551708684
DENS_3=0.006500984643979978
TEMP_3=33.99241446465099
DLNNDR_3=6.2350636972097035
DLNTDR_3=1.6711270219881578
SDLNNDR_3=0.14201652396260978
SDLNTDR_3=-0.144219992381243

Z_4 =-1
MASS_4=0.0005440183241971657
DENS_4=1.9773888061976734
TEMP_4=2.0685396273719823
DLNNDR_4=1.8632913861202602
DLNTDR_4=6.834212382216716
SDLNNDR_4=0.022819613189557348
SDLNTDR_4=-0.15816645223924575
