# Resolution
N_ENERGY=8
N_XI=16
N_THETA=24
N_RADIAL=6
N_TOROIDAL=1
NONLINEAR_FLAG=0

BOX_SIZE=1
KY=+3.00000E-01

DELTA_T=+8.00000E-03
MAX_TIME=+1.00000E+02
PRINT_STEP=100

# Geometry (Miller)
RMIN=+9.00000E-01
RMAJ=+2.88690E+00

EQUILIBRIUM_MODEL=2
IPCCW=+1.00000E+00
BTCCW=-1.00000E+00

SHIFT=-1.0442334220915621
ZMAG=-0.30039161155447913
DZMAG=-1.376968591600759
Q=8.007428254311185
S=5.55621532520521
KAPPA=2.9509234009206375
S_KAPPA=0.8959418712872345
DELTA=-0.20549195282163352
S_DELTA=-0.635159006111842
ZETA=-0.28103602485044554
S_ZETA=-0.9883831671694987

# Geometry (Advanced)
SHAPE_SIN3=0.020638077759846597
SHAPE_S_SIN3=-0.07202888411769785
SHAPE_SIN4=0.049266276412048365
SHAPE_S_SIN4=0.18310693172406625
SHAPE_SIN5=-5.950890128509703e-06
SHAPE_S_SIN5=-0.08391296607942755
SHAPE_SIN6=0.0
SHAPE_S_SIN6=0.0
SHAPE_COS0=-0.1853210450411701
SHAPE_S_COS0=-0.26355555777204437
SHAPE_COS1=-0.20255501153412134
SHAPE_S_COS1=-1.2807631306666367
SHAPE_COS2=0.14406081219596426
SHAPE_S_COS2=0.6081607446347389
SHAPE_COS3=0.006254523231738975
SHAPE_S_COS3=0.041010815539791745
SHAPE_COS4=-0.023663828292624645
SHAPE_S_COS4=-0.04205773608891286
SHAPE_COS5=-0.023938024321737014
SHAPE_S_COS5=-0.18747709894670916
SHAPE_COS6=0.0
SHAPE_S_COS6=0.0

# Rotation (Sonic)
ROTATION_MODEL=2
GAMMA_E=0.24010266150522444
GAMMA_P=-3.162624327709624
MACH=0.09500299680282007

# Collisions (Sugama)
COLLISION_MODEL=4
NU_EE=+4.76122E-01

N_FIELD=2
BETAE_UNIT=+5.90172E-04
LAMBDA_STAR=+3.05337E-02

# Species
N_SPECIES=4

Z_1 =1
MASS_1=2.0427502506167765
DENS_1=1.777420724006563
TEMP_1=2.591439496309767
DLNNDR_1=2.266897725206041
DLNTDR_1=14.817822785068467
SDLNNDR_1=0.12123032108091418
SDLNTDR_1=0.20497484774948857

Z_2 =6
MASS_2=12.337171191145966
DENS_2=0.0380853491410921
TEMP_2=2.6942836003002792
DLNNDR_2=7.996556468981281
DLNTDR_2=14.512750177681568
SDLNNDR_2=0.039207090536611075
SDLNTDR_2=0.21298632791890365

Z_3 =1
MASS_3=2.0245802782580027
DENS_3=0.012039884729425066
TEMP_3=69.2416786705731
DLNNDR_3=38.39546941820876
DLNTDR_3=0.7657671468412179
SDLNNDR_3=-1.039713501440586
SDLNTDR_3=-0.11956893413597044

Z_4 =-1
MASS_4=0.000531718671346014
DENS_4=2.03142310803689
TEMP_4=1.9897540446682842
DLNNDR_4=3.155775272433771
DLNTDR_4=8.509123697277571
SDLNNDR_4=0.10724625971071045
SDLNTDR_4=0.12706606942107168
