# Resolution
N_ENERGY=8
N_XI=16
N_THETA=24
N_RADIAL=6
N_TOROIDAL=1
NONLINEAR_FLAG=0

BOX_SIZE=1
KY=+3.00000E-01

DELTA_T=+8.00000E-03
MAX_TIME=+1.00000E+02
PRINT_STEP=100

# Geometry (Miller)
RMIN=+7.00000E-01
RMAJ=+2.85709E+00

EQUILIBRIUM_MODEL=2
IPCCW=+1.00000E+00
BTCCW=-1.00000E+00

SHIFT=-0.5975205316021137
ZMAG=0.0016044981858432655
DZMAG=0.00020980459736740978
Q=3.7481791325821208
S=3.4158001908547604
KAPPA=2.5151734601540996
S_KAPPA=0.18516125896210228
DELTA=-0.2957472686370038
S_DELTA=-0.6344905092259716
ZETA=-0.07678230409561401
S_ZETA=-0.2381585862255503

# Geometry (Advanced)
SHAPE_SIN3=0.01617931491167658
SHAPE_S_SIN3=0.04973700559849509
SHAPE_SIN4=0.015013564940779298
SHAPE_S_SIN4=0.07955509393008892
SHAPE_SIN5=-1.1229569019835008e-05
SHAPE_S_SIN5=-0.0014813219440361562
SHAPE_SIN6=0.0
SHAPE_S_SIN6=0.0
SHAPE_COS0=-0.024911285940845917
SHAPE_S_COS0=-0.00855071894560909
SHAPE_COS1=-0.00399948341519927
SHAPE_S_COS1=-0.006847690021665861
SHAPE_COS2=-0.0003638905384921866
SHAPE_S_COS2=0.006980899997038269
SHAPE_COS3=-0.00020627586471744312
SHAPE_S_COS3=-0.011429876099311655
SHAPE_COS4=-0.00035940881295399267
SHAPE_S_COS4=0.00622497911549816
SHAPE_COS5=-7.510668891377216e-05
SHAPE_S_COS5=-0.00593210007379855
SHAPE_COS6=0.0
SHAPE_S_COS6=0.0

# Rotation (Sonic)
ROTATION_MODEL=2
GAMMA_E=0.16359900812575712
GAMMA_P=-1.2871265814997828
MACH=-0.5541829421354159

# Collisions (Sugama)
COLLISION_MODEL=4
NU_EE=+2.46906E-01

N_FIELD=2
BETAE_UNIT=+1.68281E-03
LAMBDA_STAR=+2.29377E-02

# Species
N_SPECIES=4

Z_1 =1
MASS_1=2.07643587276295
DENS_1=1.184153639045911
TEMP_1=3.1098099410468363
DLNNDR_1=2.6509905229047024
DLNTDR_1=3.657507300851419
SDLNNDR_1=0.01229470649034392
SDLNTDR_1=0.041382600190856135

Z_2 =6
MASS_2=11.836095496944669
DENS_2=0.1262439502149278
TEMP_2=3.153615603225264
DLNNDR_2=3.380625038363548
DLNTDR_2=3.5616588936207214
SDLNNDR_2=0.010470136384019228
SDLNTDR_2=0.04126631506462943

Z_3 =1
MASS_3=1.985440488762809
DENS_3=0.03664748674968532
TEMP_3=44.97724242719467
DLNNDR_3=14.673354495201167
DLNTDR_3=1.7228933965330728
SDLNNDR_3=-0.1374326961356148
SDLNTDR_3=-0.0011376864381133045

Z_4 =-1
MASS_4=0.0005426369994451061
DENS_4=2.074668899156534
TEMP_4=2.0147903518013073
DLNNDR_4=3.220104724141969
DLNTDR_4=9.245381867390055
SDLNNDR_4=0.009410597672351516
SDLNTDR_4=-0.0762947997695125
