# Resolution
N_ENERGY=8
N_XI=16
N_THETA=24
N_RADIAL=6
N_TOROIDAL=1
NONLINEAR_FLAG=0

BOX_SIZE=1
KY=+3.00000E-01

DELTA_T=+8.00000E-03
MAX_TIME=+1.00000E+02
PRINT_STEP=100

# Geometry (Miller)
RMIN=+7.00000E-01
RMAJ=+2.85328E+00

EQUILIBRIUM_MODEL=2
IPCCW=+1.00000E+00
BTCCW=-1.00000E+00

SHIFT=-0.5755391593791075
ZMAG=-0.004463459162968151
DZMAG=-0.0037948998703583176
Q=3.795734228335836
S=3.9265918894594165
KAPPA=2.45280238414201
S_KAPPA=0.2178461276291364
DELTA=-0.3018923664623304
S_DELTA=-0.6985316150104515
ZETA=-0.07572895116738858
S_ZETA=-0.2605710785691827

# Geometry (Advanced)
SHAPE_SIN3=0.010762764647119463
SHAPE_S_SIN3=0.0523115918977128
SHAPE_SIN4=0.014937688378977076
SHAPE_S_SIN4=0.07638213377630063
SHAPE_SIN5=-0.0009831236223076982
SHAPE_S_SIN5=-0.013046965591448724
SHAPE_SIN6=0.0
SHAPE_S_SIN6=0.0
SHAPE_COS0=-0.023572791131959054
SHAPE_S_COS0=-0.010896509731511864
SHAPE_COS1=-0.002815970461471866
SHAPE_S_COS1=-0.000964712226098579
SHAPE_COS2=-0.0012342815350831569
SHAPE_S_COS2=0.005216950029753689
SHAPE_COS3=-0.0005041741193938701
SHAPE_S_COS3=0.001017550515964942
SHAPE_COS4=-0.0004206730275136037
SHAPE_S_COS4=0.000735612444569438
SHAPE_COS5=-3.1468486725309746e-05
SHAPE_S_COS5=-0.0021081106061934035
SHAPE_COS6=0.0
SHAPE_S_COS6=0.0

# Rotation (Sonic)
ROTATION_MODEL=2
GAMMA_E=0.08595367320474923
GAMMA_P=-0.7039873332390569
MACH=-0.1810024228725832

# Collisions (Sugama)
COLLISION_MODEL=4
NU_EE=+2.17245E-01

N_FIELD=2
BETAE_UNIT=+1.38032E-03
LAMBDA_STAR=+2.49666E-02

# Species
N_SPECIES=4

Z_1 =1
MASS_1=1.972108255045072
DENS_1=1.4452521353597687
TEMP_1=1.7971669122940872
DLNNDR_1=2.685426638465361
DLNTDR_1=4.48226940810234
SDLNNDR_1=-0.03426844286244836
SDLNTDR_1=0.01983238344782757

Z_2 =6
MASS_2=12.147814315067318
DENS_2=0.09565679675289193
TEMP_2=1.825227709464103
DLNNDR_2=2.152400341324509
DLNTDR_2=4.452297361288221
SDLNNDR_2=0.04810638136791315
SDLNTDR_2=0.019128554133156582

Z_3 =1
MASS_3=1.992836483772852
DENS_3=0.0030032442651594863
TEMP_3=46.87127596163563
DLNNDR_3=12.987182485390978
DLNTDR_3=1.6676979963687595
SDLNNDR_3=-0.06041262114115353
SDLNTDR_3=-0.0853396022796077

Z_4 =-1
MASS_4=0.0005514759899456368
DENS_4=1.9709106030914205
TEMP_4=1.9362435642036564
DLNNDR_4=2.544493237763426
DLNTDR_4=7.384898947695932
SDLNNDR_4=-0.015110260562237254
SDLNTDR_4=-0.025636625800566984
