# Resolution
N_ENERGY=8
N_XI=16
N_THETA=24
N_RADIAL=6
N_TOROIDAL=1
NONLINEAR_FLAG=0

BOX_SIZE=1
KY=+3.00000E-01

DELTA_T=+8.00000E-03
MAX_TIME=+1.00000E+02
PRINT_STEP=100

# Geometry (Miller)
RMIN=+5.00000E-01
RMAJ=+3.02772E+00

EQUILIBRIUM_MODEL=2
IPCCW=+1.00000E+00
BTCCW=-1.00000E+00

SHIFT=-0.39247854963597756
ZMAG=-0.12513430211937207
DZMAG=-0.09027312110673309
Q=2.463936107410972
S=2.4723603015979676
KAPPA=2.672860777068303
S_KAPPA=0.20942364027950688
DELTA=-0.038537017016977926
S_DELTA=-0.08685959189852024
ZETA=-0.05118260903291354
S_ZETA=-0.12759173124601714

# Geometry (Advanced)
SHAPE_SIN3=0.009868015981381534
SHAPE_S_SIN3=0.025775460388340478
SHAPE_SIN4=0.0039933891184124465
SHAPE_S_SIN4=0.018947541033706113
SHAPE_SIN5=0.0008739884984418654
SHAPE_S_SIN5=0.00175424303452354
SHAPE_SIN6=0.0
SHAPE_S_SIN6=0.0
SHAPE_COS0=-0.10409112966906814
SHAPE_S_COS0=-0.050397607620802976
SHAPE_COS1=-0.021874385521106696
SHAPE_S_COS1=-0.03876343121540619
SHAPE_COS2=0.016153640260941925
SHAPE_S_COS2=0.04857043457854657
SHAPE_COS3=-0.0010348244750617449
SHAPE_S_COS3=-0.003916222551938446
SHAPE_COS4=-0.0018211328895168892
SHAPE_S_COS4=-0.008731348970881628
SHAPE_COS5=-0.0004117147834343944
SHAPE_S_COS5=0.0004425814084441645
SHAPE_COS6=0.0
SHAPE_S_COS6=0.0

# Rotation (Sonic)
ROTATION_MODEL=2
GAMMA_E=0.17990391413048346
GAMMA_P=-1.347248242714266
MACH=-0.4526694350021192

# Collisions (Sugama)
COLLISION_MODEL=4
NU_EE=+4.20624E-02

N_FIELD=2
BETAE_UNIT=+6.39351E-03
LAMBDA_STAR=+1.97545E-02

# Species
N_SPECIES=4

Z_1 =1
MASS_1=2.0544677156982343
DENS_1=1.5694780421076007
TEMP_1=2.1729273721969733
DLNNDR_1=2.2591614914657474
DLNTDR_1=6.265816579091178
SDLNNDR_1=0.01930428672876016
SDLNTDR_1=-0.12226460799224875

Z_2 =6
MASS_2=12.043774438744105
DENS_2=0.031882205099861935
TEMP_2=2.217828954357064
DLNNDR_2=-1.9079564781135523
DLNTDR_2=6.406674116566782
SDLNNDR_2=0.002751962287149459
SDLNTDR_2=-0.1259538131578451

Z_3 =1
MASS_3=2.0549869753087853
DENS_3=0.2178745780438013
TEMP_3=22.429881070752764
DLNNDR_3=6.910849207876437
DLNTDR_3=1.7587851483985113
SDLNNDR_3=-0.09171481323842176
SDLNTDR_3=-0.028048440430397857

Z_4 =-1
MASS_4=0.0005421020209955298
DENS_4=1.999998898348111
TEMP_4=2.020377615517454
DLNNDR_4=2.320644088625926
DLNTDR_4=5.177833665621861
SDLNNDR_4=0.007727453281200459
SDLNTDR_4=-0.006948774700854128
