# Resolution
N_ENERGY=8
N_XI=16
N_THETA=24
N_RADIAL=6
N_TOROIDAL=1
NONLINEAR_FLAG=0

BOX_SIZE=1
KY=+3.00000E-01

DELTA_T=+8.00000E-03
MAX_TIME=+1.00000E+02
PRINT_STEP=100

# Geometry (Miller)
RMIN=+9.00000E-01
RMAJ=+2.77491E+00

EQUILIBRIUM_MODEL=2
IPCCW=+1.00000E+00
BTCCW=-1.00000E+00

SHIFT=-1.016912587206037
ZMAG=-0.007364100694082498
DZMAG=0.001149821868760233
Q=6.485609438657018
S=4.856477430671546
KAPPA=2.6193913434901925
S_KAPPA=0.05461427112818601
DELTA=-0.4954641843615013
S_DELTA=-1.2917401570221916
ZETA=-0.16787964252071017
S_ZETA=-0.49038675131151105

# Geometry (Advanced)
SHAPE_SIN3=0.028364773316303157
SHAPE_S_SIN3=0.003925334970948575
SHAPE_SIN4=0.052893873457046325
SHAPE_S_SIN4=0.25960470258857793
SHAPE_SIN5=-0.004084229954631289
SHAPE_S_SIN5=-0.05648643700671896
SHAPE_SIN6=0.0
SHAPE_S_SIN6=0.0
SHAPE_COS0=-0.024265685782488722
SHAPE_S_COS0=-0.014000102505964292
SHAPE_COS1=-0.004632117942292277
SHAPE_S_COS1=0.007582391219519908
SHAPE_COS2=0.0004982527292592724
SHAPE_S_COS2=0.006872083432333549
SHAPE_COS3=-0.0014761098389822268
SHAPE_S_COS3=-0.004389005344305454
SHAPE_COS4=-0.0011300051821768369
SHAPE_S_COS4=-0.005780397564950112
SHAPE_COS5=-0.0003440548161229203
SHAPE_S_COS5=0.0010652020110272626
SHAPE_COS6=0.0
SHAPE_S_COS6=0.0

# Rotation (Sonic)
ROTATION_MODEL=2
GAMMA_E=0.2335086139036414
GAMMA_P=-2.2863654712909263
MACH=-0.17774760403799342

# Collisions (Sugama)
COLLISION_MODEL=4
NU_EE=+1.62385E+00

N_FIELD=2
BETAE_UNIT=+5.80004E-04
LAMBDA_STAR=+2.33974E-02

# Species
N_SPECIES=4

Z_1 =1
MASS_1=1.9954991918005422
DENS_1=1.428036251031953
TEMP_1=2.9607469232540353
DLNNDR_1=3.6068646347575823
DLNTDR_1=17.508891204739072
SDLNNDR_1=0.00536991083070502
SDLNTDR_1=-0.1935949245972678

Z_2 =6
MASS_2=12.223255795257804
DENS_2=0.09614859804365763
TEMP_2=2.8136684191426204
DLNNDR_2=7.021048363059174
DLNTDR_2=17.712389470201103
SDLNNDR_2=0.0010946579797478408
SDLNTDR_2=-0.18403908271290187

Z_3 =1
MASS_3=2.012178064043577
DENS_3=0.005863186010278838
TEMP_3=94.21014712106434
DLNNDR_3=36.06972311150297
DLNTDR_3=0.9351186032644745
SDLNNDR_3=-0.882796967843543
SDLNTDR_3=0.19898077598727004

Z_4 =-1
MASS_4=0.0005465135519438099
DENS_4=2.0238680212694797
TEMP_4=1.9694559278194212
DLNNDR_4=4.639485268828858
DLNTDR_4=14.354169446717975
SDLNNDR_4=0.004854839179751566
SDLNTDR_4=0.035973639386643136
