# Resolution
N_ENERGY=8
N_XI=16
N_THETA=24
N_RADIAL=6
N_TOROIDAL=1
NONLINEAR_FLAG=0

BOX_SIZE=1
KY=+3.00000E-01

DELTA_T=+8.00000E-03
MAX_TIME=+1.00000E+02
PRINT_STEP=100

# Geometry (Miller)
RMIN=+9.00000E-01
RMAJ=+2.84698E+00

EQUILIBRIUM_MODEL=2
IPCCW=+1.00000E+00
BTCCW=-1.00000E+00

SHIFT=-0.7565918321096701
ZMAG=-0.3428229492976167
DZMAG=-1.1270971714871754
Q=7.520727947970867
S=5.606514282041722
KAPPA=2.7922874221920537
S_KAPPA=1.0343841587917573
DELTA=-0.20486631763843746
S_DELTA=-0.5443177778145079
ZETA=-0.24326205707808934
S_ZETA=-0.9236249388514038

# Geometry (Advanced)
SHAPE_SIN3=0.014032384398365783
SHAPE_S_SIN3=-0.02945155543570948
SHAPE_SIN4=0.03732031721469525
SHAPE_S_SIN4=0.15265518362906166
SHAPE_SIN5=0.0014287823142213048
SHAPE_S_SIN5=-0.03926044124596012
SHAPE_SIN6=0.0
SHAPE_S_SIN6=0.0
SHAPE_COS0=-0.12636422939046657
SHAPE_S_COS0=-0.20243569804370212
SHAPE_COS1=-0.22910741715946106
SHAPE_S_COS1=-1.0803571603763658
SHAPE_COS2=0.11690248078691426
SHAPE_S_COS2=0.5669730273002815
SHAPE_COS3=-0.0015946929902430139
SHAPE_S_COS3=0.02970908499558428
SHAPE_COS4=-0.01819121920870996
SHAPE_S_COS4=-0.0349793046197632
SHAPE_COS5=-0.02109007483082076
SHAPE_S_COS5=-0.161874367157321
SHAPE_COS6=0.0
SHAPE_S_COS6=0.0

# Rotation (Sonic)
ROTATION_MODEL=2
GAMMA_E=0.16295088831610374
GAMMA_P=-1.8558170876046869
MACH=-0.3135266679602402

# Collisions (Sugama)
COLLISION_MODEL=4
NU_EE=+5.62182E-01

N_FIELD=2
BETAE_UNIT=+5.47722E-04
LAMBDA_STAR=+3.05616E-02

# Species
N_SPECIES=4

Z_1 =1
MASS_1=2.0249540060463636
DENS_1=1.757197139074699
TEMP_1=2.7717892450998063
DLNNDR_1=2.782479715172231
DLNTDR_1=9.674894847440155
SDLNNDR_1=0.0026676551430182766
SDLNTDR_1=0.05925179661741556

Z_2 =6
MASS_2=11.95597669899739
DENS_2=0.03771070573217048
TEMP_2=2.695917492365575
DLNNDR_2=1.7884146675881167
DLNTDR_2=9.517678661588214
SDLNNDR_2=0.00444625473128785
SDLNTDR_2=0.059098877523657486

Z_3 =1
MASS_3=2.0239876644808397
DENS_3=0.005630124825270902
TEMP_3=66.42913595901042
DLNNDR_3=36.774092646384574
DLNTDR_3=2.2770590257328784
SDLNNDR_3=-0.6923025017627833
SDLNTDR_3=0.026725840488678702

Z_4 =-1
MASS_4=0.0005392056572326062
DENS_4=1.9692433869722068
TEMP_4=1.9738829003626082
DLNNDR_4=2.8392898922612115
DLNTDR_4=10.175001048354346
SDLNNDR_4=0.0015122656967497968
SDLNTDR_4=0.050479252534730436
