# Resolution
N_ENERGY=8
N_XI=16
N_THETA=24
N_RADIAL=6
N_TOROIDAL=1
NONLINEAR_FLAG=0

BOX_SIZE=1
KY=+3.00000E-01

DELTA_T=+8.00000E-03
MAX_TIME=+1.00000E+02
PRINT_STEP=100

# Geometry (Miller)
RMIN=+9.00000E-01
RMAJ=+2.78911E+00

EQUILIBRIUM_MODEL=2
IPCCW=+1.00000E+00
BTCCW=-1.00000E+00

SHIFT=-0.8938555532920754
ZMAG=0.0019333873244917936
DZMAG=0.01605657144519076
Q=6.118927056574311
S=4.956599364192499
KAPPA=2.464170920577199
S_KAPPA=0.18795029554962778
DELTA=-0.49900014977054186
S_DELTA=-1.3509247376970879
ZETA=-0.1505887325024902
S_ZETA=-0.5093004583785712

# Geometry (Advanced)
SHAPE_SIN3=0.021675012034365476
SHAPE_S_SIN3=0.04821409791528895
SHAPE_SIN4=0.04863914972132018
SHAPE_S_SIN4=0.24457890681933153
SHAPE_SIN5=-0.006405396594439613
SHAPE_S_SIN5=-0.0735937372883586
SHAPE_SIN6=0.0
SHAPE_S_SIN6=0.0
SHAPE_COS0=-0.03274805733568564
SHAPE_S_COS0=-0.038459057898225624
SHAPE_COS1=-0.0045375969328788415
SHAPE_S_COS1=0.020663957246918194
SHAPE_COS2=0.00043537337078787796
SHAPE_S_COS2=0.020718303395527306
SHAPE_COS3=0.0004973617976385298
SHAPE_S_COS3=0.007167074614119086
SHAPE_COS4=-0.0016965858050435288
SHAPE_S_COS4=-0.026254458182730218
SHAPE_COS5=0.00013906620369361517
SHAPE_S_COS5=0.008709085700815836
SHAPE_COS6=0.0
SHAPE_S_COS6=0.0

# Rotation (Sonic)
ROTATION_MODEL=2
GAMMA_E=0.07380517443589875
GAMMA_P=-0.7238648557229075
MACH=-0.3091557116024535

# Collisions (Sugama)
COLLISION_MODEL=4
NU_EE=+1.22498E+00

N_FIELD=2
BETAE_UNIT=+3.64123E-04
LAMBDA_STAR=+2.85861E-02

# Species
N_SPECIES=4

Z_1 =1
MASS_1=1.9890228811996615
DENS_1=1.458575236100374
TEMP_1=4.215020438654062
DLNNDR_1=5.263855196952071
DLNTDR_1=5.939042262639743
SDLNNDR_1=0.03300213200685101
SDLNTDR_1=-0.06344647778438096

Z_2 =6
MASS_2=12.029609298606804
DENS_2=0.09280129537196431
TEMP_2=4.172790929506623
DLNNDR_2=8.875285782260677
DLNTDR_2=5.636585030501658
SDLNNDR_2=-0.012306381436376593
SDLNTDR_2=-0.06431350159702609

Z_3 =1
MASS_3=1.948840548814872
DENS_3=0.003616259967662659
TEMP_3=109.10614609352592
DLNNDR_3=35.76250378722973
DLNTDR_3=1.7096164892429766
SDLNNDR_3=-0.4389541665006398
SDLNTDR_3=-0.2972387188709731

Z_4 =-1
MASS_4=0.000554989695364861
DENS_4=1.9760360286844176
TEMP_4=1.9703366480706899
DLNNDR_4=6.236909977911516
DLNTDR_4=11.534247520561898
SDLNNDR_4=0.019796619987550466
SDLNTDR_4=0.057757410948126794
