# Resolution
N_ENERGY=8
N_XI=16
N_THETA=24
N_RADIAL=6
N_TOROIDAL=1
NONLINEAR_FLAG=0

BOX_SIZE=1
KY=+3.00000E-01

DELTA_T=+8.00000E-03
MAX_TIME=+1.00000E+02
PRINT_STEP=100

# Geometry (Miller)
RMIN=+9.00000E-01
RMAJ=+2.84840E+00

EQUILIBRIUM_MODEL=2
IPCCW=+1.00000E+00
BTCCW=-1.00000E+00

SHIFT=-1.02491909768764
ZMAG=-0.28996283072090656
DZMAG=-1.4332856391419626
Q=8.36465798823459
S=5.662322244961178
KAPPA=2.9293376425919115
S_KAPPA=0.9064212327723515
DELTA=-0.16543385836568852
S_DELTA=-0.48626960726783314
ZETA=-0.26293702204518576
S_ZETA=-0.945303445041563

# Geometry (Advanced)
SHAPE_SIN3=0.015061440605775333
SHAPE_S_SIN3=-0.08894652677982132
SHAPE_SIN4=0.05099923417692122
SHAPE_S_SIN4=0.19315562059348546
SHAPE_SIN5=0.000667805860053535
SHAPE_S_SIN5=-0.07451775198718819
SHAPE_SIN6=0.0
SHAPE_S_SIN6=0.0
SHAPE_COS0=-0.2292822202000751
SHAPE_S_COS0=-0.34229033378826973
SHAPE_COS1=-0.19143034077113363
SHAPE_S_COS1=-1.238515245126305
SHAPE_COS2=0.16011987260509947
SHAPE_S_COS2=0.6603466219476266
SHAPE_COS3=0.009212391935789217
SHAPE_S_COS3=0.06228377597751621
SHAPE_COS4=-0.023194247037496375
SHAPE_S_COS4=-0.05280127513403289
SHAPE_COS5=-0.02267555983827979
SHAPE_S_COS5=-0.1708463772771313
SHAPE_COS6=0.0
SHAPE_S_COS6=0.0

# Rotation (Sonic)
ROTATION_MODEL=2
GAMMA_E=0.19819762895487048
GAMMA_P=-2.5627283271013646
MACH=0.037888897350518806

# Collisions (Sugama)
COLLISION_MODEL=4
NU_EE=+6.82279E-01

N_FIELD=2
BETAE_UNIT=+5.86958E-04
LAMBDA_STAR=+2.89798E-02

# Species
N_SPECIES=4

Z_1 =1
MASS_1=1.990270314765834
DENS_1=1.7400904711418266
TEMP_1=2.6911985436335955
DLNNDR_1=1.6318551798330372
DLNTDR_1=14.516116661448137
SDLNNDR_1=0.026898804566627202
SDLNTDR_1=0.19326017203150564

Z_2 =6
MASS_2=12.208268905908621
DENS_2=0.04028764547657018
TEMP_2=2.766373884703054
DLNNDR_2=6.711118124381856
DLNTDR_2=14.26585363749335
SDLNNDR_2=0.018514474074285404
SDLNTDR_2=0.18951335644510947

Z_3 =1
MASS_3=1.9749115273220266
DENS_3=0.009641374567035779
TEMP_3=65.14338175332276
DLNNDR_3=39.00020259826644
DLNTDR_3=2.3065667504567884
SDLNNDR_3=-1.1180287153634543
SDLNTDR_3=-0.017023937411597134

Z_4 =-1
MASS_4=0.0005317823834739295
DENS_4=2.0134216609930125
TEMP_4=2.026670813752226
DLNNDR_4=2.3666980800601576
DLNTDR_4=9.32767787663351
SDLNNDR_4=0.02156349301158004
SDLNTDR_4=0.03322046592094767
