# Resolution
N_ENERGY=8
N_XI=16
N_THETA=24
N_RADIAL=6
N_TOROIDAL=1
NONLINEAR_FLAG=0

BOX_SIZE=1
KY=+3.00000E-01

DELTA_T=+8.00000E-03
MAX_TIME=+1.00000E+02
PRINT_STEP=100

# Geometry (Miller)
RMIN=+7.00000E-01
RMAJ=+2.93339E+00

EQUILIBRIUM_MODEL=2
IPCCW=+1.00000E+00
BTCCW=-1.00000E+00

SHIFT=-0.6803475993335748
ZMAG=-0.14572666581770882
DZMAG=-0.316876270207311
Q=4.590162401809097
S=4.181368604555996
KAPPA=2.7292773966668484
S_KAPPA=0.4039800386150246
DELTA=-0.07575377150246677
S_DELTA=-0.23296437577722096
ZETA=-0.11885623968466799
S_ZETA=-0.347847925735729

# Geometry (Advanced)
SHAPE_SIN3=0.02009270256636598
SHAPE_S_SIN3=0.029697959751886133
SHAPE_SIN4=0.016920084517904173
SHAPE_S_SIN4=0.08010027567633474
SHAPE_SIN5=0.0038393369587650214
SHAPE_S_SIN5=0.011607002278489108
SHAPE_SIN6=0.0
SHAPE_S_SIN6=0.0
SHAPE_COS0=-0.16657321920920876
SHAPE_S_COS0=-0.1700373540444905
SHAPE_COS1=-0.0480265752881477
SHAPE_S_COS1=-0.19865321537501138
SHAPE_COS2=0.05763274842678989
SHAPE_S_COS2=0.21880263507232256
SHAPE_COS3=0.0004723046786788151
SHAPE_S_COS3=0.015182167919415011
SHAPE_COS4=-0.00803460872865267
SHAPE_S_COS4=-0.039245003458745716
SHAPE_COS5=-0.0038579980651986634
SHAPE_S_COS5=-0.016830203087935362
SHAPE_COS6=0.0
SHAPE_S_COS6=0.0

# Rotation (Sonic)
ROTATION_MODEL=2
GAMMA_E=0.13039952377594538
GAMMA_P=-1.1954631595993161
MACH=-0.2858710389818322

# Collisions (Sugama)
COLLISION_MODEL=4
NU_EE=+1.51952E-01

N_FIELD=2
BETAE_UNIT=+2.23573E-03
LAMBDA_STAR=+2.33022E-02

# Species
N_SPECIES=4

Z_1 =1
MASS_1=1.9810935748940914
DENS_1=1.6410012004192724
TEMP_1=2.244390270765837
DLNNDR_1=1.5100484289790743
DLNTDR_1=5.417152882027504
SDLNNDR_1=-0.006834391825306189
SDLNTDR_1=-0.056511821066783686

Z_2 =6
MASS_2=11.889730067019567
DENS_2=0.04680203566201404
TEMP_2=2.2124599239673515
DLNNDR_2=1.2956794033115377
DLNTDR_2=5.458946523585833
SDLNNDR_2=0.06379990642556585
SDLNTDR_2=-0.0562433368965618

Z_3 =1
MASS_3=2.003277483590158
DENS_3=0.08307748087201826
TEMP_3=35.05407458432365
DLNNDR_3=14.099392029893115
DLNTDR_3=2.07747073610974
SDLNNDR_3=-0.07789301592980617
SDLNTDR_3=-0.013883908273086786

Z_4 =-1
MASS_4=0.0005416466944756153
DENS_4=1.9953729676995917
TEMP_4=2.0661397196597044
DLNNDR_4=1.9675929173601245
DLNTDR_4=6.341402843990006
SDLNNDR_4=0.0011942592064877785
SDLNTDR_4=-0.015933800455402405
