# Resolution
N_ENERGY=8
N_XI=16
N_THETA=24
N_RADIAL=6
N_TOROIDAL=1
NONLINEAR_FLAG=0

BOX_SIZE=1
KY=+3.00000E-01

DELTA_T=+8.00000E-03
MAX_TIME=+1.00000E+02
PRINT_STEP=100

# Geometry (Miller)
RMIN=+5.00000E-01
RMAJ=+2.95645E+00

EQUILIBRIUM_MODEL=2
IPCCW=+1.00000E+00
BTCCW=-1.00000E+00

SHIFT=-0.3658235403174728
ZMAG=-0.08042947625538809
DZMAG=-0.09597333825839995
Q=2.5403697013240563
S=2.4655302817405276
KAPPA=2.494659963414925
S_KAPPA=0.19960912977537942
DELTA=-0.028097377736660472
S_DELTA=-0.0502978200508913
ZETA=-0.04088956699383545
S_ZETA=-0.1055720833953995

# Geometry (Advanced)
SHAPE_SIN3=0.007802025402042549
SHAPE_S_SIN3=0.02403639020801046
SHAPE_SIN4=0.0035189993961752663
SHAPE_S_SIN4=0.01580241593150943
SHAPE_SIN5=0.0009233714795596323
SHAPE_S_SIN5=0.005178541573654662
SHAPE_SIN6=0.0
SHAPE_S_SIN6=0.0
SHAPE_COS0=-0.15480998703831236
SHAPE_S_COS0=-0.07859937352811414
SHAPE_COS1=-0.009593616296548613
SHAPE_S_COS1=-0.02296026406079566
SHAPE_COS2=0.019802733919533987
SHAPE_S_COS2=0.06046932097066877
SHAPE_COS3=-0.00013299852427303439
SHAPE_S_COS3=0.0005733306361853347
SHAPE_COS4=-0.0015703455082583706
SHAPE_S_COS4=-0.003760219887450543
SHAPE_COS5=-0.0004139795122864549
SHAPE_S_COS5=-0.0018007103771262626
SHAPE_COS6=0.0
SHAPE_S_COS6=0.0

# Rotation (Sonic)
ROTATION_MODEL=2
GAMMA_E=0.1982456089160075
GAMMA_P=-1.46729312751665
MACH=-0.4308298035339254

# Collisions (Sugama)
COLLISION_MODEL=4
NU_EE=+6.52689E-02

N_FIELD=2
BETAE_UNIT=+5.99762E-03
LAMBDA_STAR=+1.86654E-02

# Species
N_SPECIES=4

Z_1 =1
MASS_1=2.0287757049619373
DENS_1=1.5716384250872149
TEMP_1=2.121776204755697
DLNNDR_1=2.044023272061459
DLNTDR_1=6.40589618321816
SDLNNDR_1=-0.002991875958453103
SDLNTDR_1=-0.10870004460742758

Z_2 =6
MASS_2=12.12902174797308
DENS_2=0.04056821645058306
TEMP_2=2.108508728149153
DLNNDR_2=-2.427905091386258
DLNTDR_2=6.464422132560522
SDLNNDR_2=0.114790909722716
SDLNTDR_2=-0.10565260848393884

Z_3 =1
MASS_3=1.979448218095825
DENS_3=0.18213230457417817
TEMP_3=24.789543776504672
DLNNDR_3=7.454281029421182
DLNTDR_3=1.7920744095110313
SDLNNDR_3=-0.07862562544947493
SDLNTDR_3=-0.10464450634602995

Z_4 =-1
MASS_4=0.0005430894955124886
DENS_4=2.0170779280073683
TEMP_4=2.0335862551651944
DLNNDR_4=2.0301737556425286
DLNTDR_4=4.921789111430122
SDLNNDR_4=0.004463556119269037
SDLNTDR_4=-0.015251981576998766
