# Resolution
N_ENERGY=8
N_XI=16
N_THETA=24
N_RADIAL=6
N_TOROIDAL=1
NONLINEAR_FLAG=0

BOX_SIZE=1
KY=+3.00000E-01

DELTA_T=+8.00000E-03
MAX_TIME=+1.00000E+02
PRINT_STEP=100

# Geometry (Miller)
RMIN=+5.00000E-01
RMAJ=+2.95031E+00

EQUILIBRIUM_MODEL=2
IPCCW=+1.00000E+00
BTCCW=-1.00000E+00

SHIFT=-0.21755538287972553
ZMAG=-0.20145282004768744
DZMAG=-0.050167333475395606
Q=2.241439441772229
S=2.6603371999215115
KAPPA=2.4006366306705864
S_KAPPA=0.21004190240069176
DELTA=-0.051979206529673486
S_DELTA=-0.09629969579377015
ZETA=-0.03358761285821727
S_ZETA=-0.09272400865105095

# Geometry (Advanced)
SHAPE_SIN3=0.005008496297185007
SHAPE_S_SIN3=0.018978130209866037
SHAPE_SIN4=0.0023075387826215917
SHAPE_S_SIN4=0.0064969778600300525
SHAPE_SIN5=0.0004886972582985085
SHAPE_S_SIN5=-0.0017747891147368096
SHAPE_SIN6=0.0
SHAPE_S_SIN6=0.0
SHAPE_COS0=-0.059189186589798354
SHAPE_S_COS0=-0.038106877651079854
SHAPE_COS1=-0.03171361357837239
SHAPE_S_COS1=-0.052198566679885344
SHAPE_COS2=0.01128586159981635
SHAPE_S_COS2=0.030343173030376966
SHAPE_COS3=-0.0008039855798381714
SHAPE_S_COS3=-0.0032795694471006434
SHAPE_COS4=-0.0010614428935983087
SHAPE_S_COS4=-0.012116985788702364
SHAPE_COS5=-0.00039176067921013085
SHAPE_S_COS5=0.002545717774475577
SHAPE_COS6=0.0
SHAPE_S_COS6=0.0

# Rotation (Sonic)
ROTATION_MODEL=2
GAMMA_E=0.11641077810415085
GAMMA_P=-0.770804392457425
MACH=-0.4010527647686086

# Collisions (Sugama)
COLLISION_MODEL=4
NU_EE=+6.12591E-02

N_FIELD=2
BETAE_UNIT=+5.42317E-03
LAMBDA_STAR=+1.92916E-02

# Species
N_SPECIES=4

Z_1 =1
MASS_1=2.0094110417094644
DENS_1=1.694904281401341
TEMP_1=1.609302549467436
DLNNDR_1=2.85077214269716
DLNTDR_1=2.692304040585988
SDLNNDR_1=0.008883608283500505
SDLNTDR_1=-0.0966372985127547

Z_2 =6
MASS_2=11.935778008852157
DENS_2=0.034629448109464174
TEMP_2=1.6661847068618951
DLNNDR_2=0.9935688923507636
DLNTDR_2=2.7537091028912153
SDLNNDR_2=0.04691409712931896
SDLNTDR_2=-0.09541165904213297

Z_3 =1
MASS_3=2.0363323092152736
DENS_3=0.08903179991178393
TEMP_3=26.25477652599855
DLNNDR_3=7.271921412768373
DLNTDR_3=1.3391391992234487
SDLNNDR_3=-0.020335450897590653
SDLNTDR_3=-0.08587213013816317

Z_4 =-1
MASS_4=0.0005397581126936407
DENS_4=1.9849661379360617
TEMP_4=1.9751861178871848
DLNNDR_4=2.961616191301707
DLNTDR_4=5.926219487935045
SDLNNDR_4=0.008856579098420303
SDLNTDR_4=-0.02251342764759459
