# Resolution
N_ENERGY=8
N_XI=16
N_THETA=24
N_RADIAL=6
N_TOROIDAL=1
NONLINEAR_FLAG=0

BOX_SIZE=1
KY=+3.00000E-01

DELTA_T=+8.00000E-03
MAX_TIME=+1.00000E+02
PRINT_STEP=100

# Geometry (Miller)
RMIN=+5.00000E-01
RMAJ=+2.90649E+00

EQUILIBRIUM_MODEL=2
IPCCW=+1.00000E+00
BTCCW=-1.00000E+00

SHIFT=-0.3849286483387604
ZMAG=-0.005465634251097725
DZMAG=-0.004099046949456662
Q=2.488372608644603
S=2.140538383526694
KAPPA=2.446671123907088
S_KAPPA=0.08856722269247892
DELTA=-0.1476969387813316
S_DELTA=-0.23624297145519868
ZETA=-0.031229483244966907
S_ZETA=-0.08716971059740405

# Geometry (Advanced)
SHAPE_SIN3=0.006360021060973213
SHAPE_S_SIN3=0.021039269100336506
SHAPE_SIN4=0.002976658942239088
SHAPE_S_SIN4=0.011344076691707655
SHAPE_SIN5=0.00019369481719813892
SHAPE_S_SIN5=0.0008763820994644957
SHAPE_SIN6=0.0
SHAPE_S_SIN6=0.0
SHAPE_COS0=-0.020031698928601176
SHAPE_S_COS0=-0.004650883097035961
SHAPE_COS1=-0.0036372063964156473
SHAPE_S_COS1=-0.00109754713473997
SHAPE_COS2=-0.000637552279815384
SHAPE_S_COS2=-0.0021926766394907505
SHAPE_COS3=-0.0003132480043642726
SHAPE_S_COS3=-0.00030123721769497646
SHAPE_COS4=-0.0001583647565438994
SHAPE_S_COS4=-0.00035296317957291885
SHAPE_COS5=-4.0278755793688515e-05
SHAPE_S_COS5=0.0018923167471895544
SHAPE_COS6=0.0
SHAPE_S_COS6=0.0

# Rotation (Sonic)
ROTATION_MODEL=2
GAMMA_E=0.1819182991563568
GAMMA_P=-1.3285763479561872
MACH=-0.5931214642690197

# Collisions (Sugama)
COLLISION_MODEL=4
NU_EE=+9.68454E-02

N_FIELD=2
BETAE_UNIT=+6.18825E-03
LAMBDA_STAR=+1.72673E-02

# Species
N_SPECIES=4

Z_1 =1
MASS_1=1.9715670683747222
DENS_1=1.2694814871537758
TEMP_1=2.105200536713716
DLNNDR_1=2.280237728350863
DLNTDR_1=3.897689145336592
SDLNNDR_1=-0.025322298174874996
SDLNTDR_1=-0.07483075525164068

Z_2 =6
MASS_2=11.86401366951554
DENS_2=0.10443992778445876
TEMP_2=2.0498425545905405
DLNNDR_2=-0.090898137706276
DLNTDR_2=4.043737008884393
SDLNNDR_2=0.06779601864628762
SDLNTDR_2=-0.07620311558089773

Z_3 =1
MASS_3=2.020505683603189
DENS_3=0.0890151340399584
TEMP_3=26.124530920918662
DLNNDR_3=7.548888332674716
DLNTDR_3=2.0361198161160443
SDLNNDR_3=0.008264338123131059
SDLNTDR_3=0.02948517931873996

Z_4 =-1
MASS_4=0.0005476853134290791
DENS_4=1.9871166471436736
TEMP_4=1.9867733233005267
DLNNDR_4=1.7906253367139129
DLNTDR_4=5.62717560346745
SDLNNDR_4=0.004427464561234307
SDLNTDR_4=-0.024992869238595214
