# Resolution
N_ENERGY=8
N_XI=16
N_THETA=24
N_RADIAL=6
N_TOROIDAL=1
NONLINEAR_FLAG=0

BOX_SIZE=1
KY=+3.00000E-01

DELTA_T=+8.00000E-03
MAX_TIME=+1.00000E+02
PRINT_STEP=100

# Geometry (Miller)
RMIN=+5.00000E-01
RMAJ=+2.94006E+00

EQUILIBRIUM_MODEL=2
IPCCW=+1.00000E+00
BTCCW=-1.00000E+00

SHIFT=-0.2381674467011737
ZMAG=-0.21854406882623925
DZMAG=-0.06784003722153703
Q=2.5586687553585157
S=2.165033391324042
KAPPA=2.4688082031880865
S_KAPPA=0.1774551015331549
DELTA=-0.057802691280136306
S_DELTA=-0.09301107463076617
ZETA=-0.03891798315056828
S_ZETA=-0.09880830763047968

# Geometry (Advanced)
SHAPE_SIN3=0.004900308334877826
SHAPE_S_SIN3=0.019151274241402665
SHAPE_SIN4=0.0027486053746145576
SHAPE_S_SIN4=0.01304169623545977
SHAPE_SIN5=0.0005023761699352615
SHAPE_S_SIN5=0.0030304642214186743
SHAPE_SIN6=0.0
SHAPE_S_SIN6=0.0
SHAPE_COS0=-0.0750748106981394
SHAPE_S_COS0=-0.02649010017820161
SHAPE_COS1=-0.04728924524443796
SHAPE_S_COS1=-0.06920014233631837
SHAPE_COS2=0.012034105315164237
SHAPE_S_COS2=0.03531592538204688
SHAPE_COS3=-0.0014722365117586986
SHAPE_S_COS3=0.0016974676359582822
SHAPE_COS4=-0.0014071695227162557
SHAPE_S_COS4=-0.006389545869761663
SHAPE_COS5=-0.0004614404408498905
SHAPE_S_COS5=0.0027308331592882746
SHAPE_COS6=0.0
SHAPE_S_COS6=0.0

# Rotation (Sonic)
ROTATION_MODEL=2
GAMMA_E=0.1376148529747717
GAMMA_P=-1.0083474441139701
MACH=-0.5709806583073184

# Collisions (Sugama)
COLLISION_MODEL=4
NU_EE=+8.12690E-02

N_FIELD=2
BETAE_UNIT=+4.68457E-03
LAMBDA_STAR=+1.94711E-02

# Species
N_SPECIES=4

Z_1 =1
MASS_1=2.04498718703662
DENS_1=1.8198417642552513
TEMP_1=1.9198617524369845
DLNNDR_1=1.825171819026621
DLNTDR_1=4.307312447979951
SDLNNDR_1=0.008513277145752687
SDLNTDR_1=-0.084907061132832

Z_2 =6
MASS_2=12.12400620977484
DENS_2=0.028803226536883275
TEMP_2=1.9209291715449117
DLNNDR_2=0.17538332856318284
DLNTDR_2=4.354935645534527
SDLNNDR_2=0.02278277971133251
SDLNTDR_2=-0.08307505674114138

Z_3 =1
MASS_3=1.9804021864075438
DENS_3=0.07257908349578869
TEMP_3=29.101466750293305
DLNNDR_3=7.130917718098026
DLNTDR_3=1.61801454295636
SDLNNDR_3=0.07944947550491023
SDLNTDR_3=-0.010524231605181431

Z_4 =-1
MASS_4=0.0005372841087022851
DENS_4=1.9719407087662029
TEMP_4=1.991085585344448
DLNNDR_4=1.8550674859955545
DLNTDR_4=4.954740173474227
SDLNNDR_4=0.012870240931753534
SDLNTDR_4=-0.003271790474661673
