# Resolution
N_ENERGY=8
N_XI=16
N_THETA=24
N_RADIAL=6
N_TOROIDAL=1
NONLINEAR_FLAG=0

BOX_SIZE=1
KY=+3.00000E-01

DELTA_T=+8.00000E-03
MAX_TIME=+1.00000E+02
PRINT_STEP=100

# Geometry (Miller)
RMIN=+7.00000E-01
RMAJ=+2.85609E+00

EQUILIBRIUM_MODEL=2
IPCCW=+1.00000E+00
BTCCW=-1.00000E+00

SHIFT=-0.6412201631872944
ZMAG=-0.006647156412177731
DZMAG=-0.005024523947809176
Q=3.9020909939958397
S=3.3918420360711528
KAPPA=2.564992707794898
S_KAPPA=0.16452904104542146
DELTA=-0.2809865174025088
S_DELTA=-0.598691543692923
ZETA=-0.07909374259471234
S_ZETA=-0.23415685093065658

# Geometry (Advanced)
SHAPE_SIN3=0.01873938287245472
SHAPE_S_SIN3=0.05127355874963395
SHAPE_SIN4=0.015516086188850597
SHAPE_S_SIN4=0.07220054811158011
SHAPE_SIN5=0.0006615567290532633
SHAPE_S_SIN5=0.00144780300390593
SHAPE_SIN6=0.0
SHAPE_S_SIN6=0.0
SHAPE_COS0=-0.022083469133593922
SHAPE_S_COS0=-0.0070043263756558935
SHAPE_COS1=-0.004706689294036186
SHAPE_S_COS1=0.005697789702810945
SHAPE_COS2=-0.000651124731357623
SHAPE_S_COS2=0.007317852028302131
SHAPE_COS3=-0.0006837763696433839
SHAPE_S_COS3=0.0007198599795286158
SHAPE_COS4=-0.00043825558055769363
SHAPE_S_COS4=0.0023421572609638322
SHAPE_COS5=-8.218884165332862e-05
SHAPE_S_COS5=0.007327306513796816
SHAPE_COS6=0.0
SHAPE_S_COS6=0.0

# Rotation (Sonic)
ROTATION_MODEL=2
GAMMA_E=0.2416969808552904
GAMMA_P=-1.8939073250225125
MACH=-0.5042759534121938

# Collisions (Sugama)
COLLISION_MODEL=4
NU_EE=+3.31183E-01

N_FIELD=2
BETAE_UNIT=+2.18646E-03
LAMBDA_STAR=+2.00461E-02

# Species
N_SPECIES=4

Z_1 =1
MASS_1=2.008472783623667
DENS_1=1.3084242079542592
TEMP_1=3.0511135607794797
DLNNDR_1=2.07882632250647
DLNTDR_1=4.5407788767084085
SDLNNDR_1=0.014903928730854289
SDLNTDR_1=0.06384358272218084

Z_2 =6
MASS_2=12.017572770146543
DENS_2=0.10835066339401388
TEMP_2=3.054896682761754
DLNNDR_2=3.2086439296714055
DLNTDR_2=4.601924639532667
SDLNNDR_2=0.027902501927204462
SDLNTDR_2=0.06233903676098147

Z_3 =1
MASS_3=2.0193911240338562
DENS_3=0.034833584416426644
TEMP_3=45.26175413381908
DLNNDR_3=14.123421142685622
DLNTDR_3=2.9556644188005183
SDLNNDR_3=-0.20462932546444598
SDLNTDR_3=0.12278347296710762

Z_4 =-1
MASS_4=0.0005429564372702238
DENS_4=1.9911319511983094
TEMP_4=2.0055516260880184
DLNNDR_4=2.7081032437994965
DLNTDR_4=9.223048800130055
SDLNNDR_4=0.015634032757962095
SDLNTDR_4=-0.08257745178752243
