# Resolution
N_ENERGY=8
N_XI=16
N_THETA=24
N_RADIAL=6
N_TOROIDAL=1
NONLINEAR_FLAG=0

BOX_SIZE=1
KY=+3.00000E-01

DELTA_T=+8.00000E-03
MAX_TIME=+1.00000E+02
PRINT_STEP=100

# Geometry (Miller)
RMIN=+5.00000E-01
RMAJ=+3.00383E+00

EQUILIBRIUM_MODEL=2
IPCCW=+1.00000E+00
BTCCW=-1.00000E+00

SHIFT=-0.3046330149681318
ZMAG=-0.15990197742863277
DZMAG=-0.07038532832849688
Q=2.2688620743437387
S=2.7521713644252266
KAPPA=2.5017571810068473
S_KAPPA=0.2092274105425892
DELTA=-0.046188454868190426
S_DELTA=-0.08676197082636708
ZETA=-0.04061898052917126
S_ZETA=-0.1138847276174012

# Geometry (Advanced)
SHAPE_SIN3=0.007045776695936177
SHAPE_S_SIN3=0.023169771095011484
SHAPE_SIN4=0.0030116519952576434
SHAPE_S_SIN4=0.017079130859060477
SHAPE_SIN5=0.0005671343257812266
SHAPE_S_SIN5=0.0009320591734114402
SHAPE_SIN6=0.0
SHAPE_S_SIN6=0.0
SHAPE_COS0=-0.07826687885184985
SHAPE_S_COS0=-0.04122306472972259
SHAPE_COS1=-0.024649835292718962
SHAPE_S_COS1=-0.0492075648862151
SHAPE_COS2=0.013135393976211307
SHAPE_S_COS2=0.042458118793296445
SHAPE_COS3=-0.0007740646623904918
SHAPE_S_COS3=-0.00011672695431121053
SHAPE_COS4=-0.001374464596266022
SHAPE_S_COS4=-0.004653601742711162
SHAPE_COS5=-0.0004253874199307528
SHAPE_S_COS5=-0.0038549932736665765
SHAPE_COS6=0.0
SHAPE_S_COS6=0.0

# Rotation (Sonic)
ROTATION_MODEL=2
GAMMA_E=0.16216077871591997
GAMMA_P=-1.0696698300675997
MACH=-0.44037133190646216

# Collisions (Sugama)
COLLISION_MODEL=4
NU_EE=+5.19250E-02

N_FIELD=2
BETAE_UNIT=+5.69448E-03
LAMBDA_STAR=+1.95642E-02

# Species
N_SPECIES=4

Z_1 =1
MASS_1=1.967520843020997
DENS_1=1.6074262571475537
TEMP_1=1.926503766006449
DLNNDR_1=2.7892054761351837
DLNTDR_1=4.654476290311503
SDLNNDR_1=0.0005932966203263605
SDLNTDR_1=-0.07952661455058951

Z_2 =6
MASS_2=11.984241013456991
DENS_2=0.030464377012726123
TEMP_2=2.02789548411127
DLNNDR_2=-0.3265141365526163
DLNTDR_2=4.691416221420406
SDLNNDR_2=-0.009514406705207302
SDLNTDR_2=-0.08436803445308062

Z_3 =1
MASS_3=2.035220908618541
DENS_3=0.18696698863782357
TEMP_3=24.877983401388846
DLNNDR_3=6.898219996799277
DLNTDR_3=1.0108110358340099
SDLNNDR_3=0.08040375456910093
SDLNTDR_3=0.07904989009840631

Z_4 =-1
MASS_4=0.0005429295716772077
DENS_4=1.9861656641035474
TEMP_4=1.9894550241903841
DLNNDR_4=2.904497242395342
DLNTDR_4=5.096484275896759
SDLNNDR_4=0.00649015298032536
SDLNTDR_4=-0.02230192412675446
