# Resolution
N_ENERGY=8
N_XI=16
N_THETA=24
N_RADIAL=6
N_TOROIDAL=1
NONLINEAR_FLAG=0

BOX_SIZE=1
KY=+3.00000E-01

DELTA_T=+8.00000E-03
MAX_TIME=+1.00000E+02
PRINT_STEP=100

# Geometry (Miller)
RMIN=+7.00000E-01
RMAJ=+2.90632E+00

EQUILIBRIUM_MODEL=2
IPCCW=+1.00000E+00
BTCCW=-1.00000E+00

SHIFT=-0.45343020077659146
ZMAG=-0.2441065947771489
DZMAG=-0.23100705301481322
Q=4.151103646928716
S=3.8162469007348596
KAPPA=2.649501187267579
S_KAPPA=0.41703841922274565
DELTA=-0.10869580743562257
S_DELTA=-0.24356397410684283
ZETA=-0.10262046250350731
S_ZETA=-0.3300486911139707

# Geometry (Advanced)
SHAPE_SIN3=0.012183502841717337
SHAPE_S_SIN3=0.02480409337156075
SHAPE_SIN4=0.013037716980643852
SHAPE_S_SIN4=0.06042431117369074
SHAPE_SIN5=0.0024318544934182054
SHAPE_S_SIN5=0.018196313164349644
SHAPE_SIN6=0.0
SHAPE_S_SIN6=0.0
SHAPE_COS0=-0.087964597632286
SHAPE_S_COS0=-0.07573569577167469
SHAPE_COS1=-0.09384929838671122
SHAPE_S_COS1=-0.2344675062778735
SHAPE_COS2=0.039155762854618026
SHAPE_S_COS2=0.15503672752511727
SHAPE_COS3=-0.0034486031338671554
SHAPE_S_COS3=0.005692833915615541
SHAPE_COS4=-0.006323827997451394
SHAPE_S_COS4=-0.029643636249276337
SHAPE_COS5=-0.0038515289219031913
SHAPE_S_COS5=-0.016173166076661857
SHAPE_COS6=0.0
SHAPE_S_COS6=0.0

# Rotation (Sonic)
ROTATION_MODEL=2
GAMMA_E=0.1514383960927831
GAMMA_P=-1.2628409704251666
MACH=-0.5013522948388004

# Collisions (Sugama)
COLLISION_MODEL=4
NU_EE=+1.92390E-01

N_FIELD=2
BETAE_UNIT=+1.79245E-03
LAMBDA_STAR=+2.38304E-02

# Species
N_SPECIES=4

Z_1 =1
MASS_1=1.9803209489157143
DENS_1=1.7851951543305506
TEMP_1=2.388637803117221
DLNNDR_1=2.525910938987883
DLNTDR_1=3.2325548691838675
SDLNNDR_1=-0.0047257872158799254
SDLNTDR_1=0.005620266458089277

Z_2 =6
MASS_2=12.117953000177346
DENS_2=0.034053313449831
TEMP_2=2.465397945897152
DLNNDR_2=1.129314781261789
DLNTDR_2=3.3100944072724507
SDLNNDR_2=0.050490416624748055
SDLNTDR_2=0.00564726428501669

Z_3 =1
MASS_3=2.029904854146686
DENS_3=0.035354184782225566
TEMP_3=40.83268831749464
DLNNDR_3=12.132003650552907
DLNTDR_3=1.906240574014402
SDLNNDR_3=-0.030559628240359748
SDLNTDR_3=-0.058324484550082024

Z_4 =-1
MASS_4=0.0005469692998835937
DENS_4=1.962297983024932
TEMP_4=1.9965267861498603
DLNNDR_4=2.523786393839145
DLNTDR_4=5.276304897797443
SDLNNDR_4=-0.0046083067435859154
SDLNTDR_4=-0.03684217160820105
