# Resolution
N_ENERGY=8
N_XI=16
N_THETA=24
N_RADIAL=6
N_TOROIDAL=1
NONLINEAR_FLAG=0

BOX_SIZE=1
KY=+3.00000E-01

DELTA_T=+8.00000E-03
MAX_TIME=+1.00000E+02
PRINT_STEP=100

# Geometry (Miller)
RMIN=+7.00000E-01
RMAJ=+2.91605E+00

EQUILIBRIUM_MODEL=2
IPCCW=+1.00000E+00
BTCCW=-1.00000E+00

SHIFT=-0.5350015692916896
ZMAG=-0.206636560129444
DZMAG=-0.23527834790370022
Q=4.10935512610949
S=4.275856620066744
KAPPA=2.620694845263084
S_KAPPA=0.4521105640487638
DELTA=-0.10453965128311432
S_DELTA=-0.25753601293128514
ZETA=-0.10219169329240577
S_ZETA=-0.33732497618491153

# Geometry (Advanced)
SHAPE_SIN3=0.015673641862004966
SHAPE_S_SIN3=0.036529382432968965
SHAPE_SIN4=0.01365967829252824
SHAPE_S_SIN4=0.05815221977065169
SHAPE_SIN5=0.0025807143306875203
SHAPE_S_SIN5=0.008127105614383977
SHAPE_SIN6=0.0
SHAPE_S_SIN6=0.0
SHAPE_COS0=-0.10757684626525799
SHAPE_S_COS0=-0.11553277906097158
SHAPE_COS1=-0.06811681778859852
SHAPE_S_COS1=-0.21479996666748494
SHAPE_COS2=0.044390923740780595
SHAPE_S_COS2=0.17975636712109405
SHAPE_COS3=-0.00280818995839062
SHAPE_S_COS3=-0.0033945622097972146
SHAPE_COS4=-0.00748140071417165
SHAPE_S_COS4=-0.03565515248051607
SHAPE_COS5=-0.003952698404718884
SHAPE_S_COS5=-0.03147599827267335
SHAPE_COS6=0.0
SHAPE_S_COS6=0.0

# Rotation (Sonic)
ROTATION_MODEL=2
GAMMA_E=0.12657395247417685
GAMMA_P=-1.0980242247714704
MACH=-0.3452692660367941

# Collisions (Sugama)
COLLISION_MODEL=4
NU_EE=+1.24884E-01

N_FIELD=2
BETAE_UNIT=+1.90434E-03
LAMBDA_STAR=+2.53003E-02

# Species
N_SPECIES=4

Z_1 =1
MASS_1=2.0041379662191128
DENS_1=1.646167816543416
TEMP_1=2.1738932779566555
DLNNDR_1=1.9319226924509374
DLNTDR_1=3.7475305869050923
SDLNNDR_1=-0.024695378387548542
SDLNTDR_1=-0.021639713025105235

Z_2 =6
MASS_2=11.799494246869305
DENS_2=0.04157655971405846
TEMP_2=2.2352720642596897
DLNNDR_2=1.598407923479214
DLNTDR_2=3.6993842998697515
SDLNNDR_2=0.07361736557256497
SDLNTDR_2=-0.021032688735968984

Z_3 =1
MASS_3=1.9853442570788293
DENS_3=0.06949629962715109
TEMP_3=35.80083470013179
DLNNDR_3=12.968306259050566
DLNTDR_3=1.5847032485019388
SDLNNDR_3=-0.08811931395541737
SDLNTDR_3=0.010077540510145453

Z_4 =-1
MASS_4=0.0005383886067033204
DENS_4=2.006147219681673
TEMP_4=2.018913787803744
DLNNDR_4=2.2736194098083145
DLNTDR_4=5.666607012450347
SDLNNDR_4=-0.01661652180907206
SDLNTDR_4=-0.0481516138044676
