# Resolution
N_ENERGY=8
N_XI=16
N_THETA=24
N_RADIAL=6
N_TOROIDAL=1
NONLINEAR_FLAG=0

BOX_SIZE=1
KY=+3.00000E-01

DELTA_T=+8.00000E-03
MAX_TIME=+1.00000E+02
PRINT_STEP=100

# Geometry (Miller)
RMIN=+5.00000E-01
RMAJ=+2.97354E+00

EQUILIBRIUM_MODEL=2
IPCCW=+1.00000E+00
BTCCW=-1.00000E+00

SHIFT=-0.3268446703822223
ZMAG=-0.2661940991716734
DZMAG=-0.11489022070456023
Q=2.794017890104424
S=1.6848592193988927
KAPPA=2.7061105686169045
S_KAPPA=0.10405767102142682
DELTA=-0.025776397471308665
S_DELTA=-0.05146896558170125
ZETA=-0.03951824747485155
S_ZETA=-0.09782884658395816

# Geometry (Advanced)
SHAPE_SIN3=0.003776644200322353
SHAPE_S_SIN3=0.010094167928248358
SHAPE_SIN4=0.0029711748299104165
SHAPE_S_SIN4=0.011659127574500966
SHAPE_SIN5=0.0005808643586346232
SHAPE_S_SIN5=0.0024937345698303323
SHAPE_SIN6=0.0
SHAPE_S_SIN6=0.0
SHAPE_COS0=-0.09508917329669625
SHAPE_S_COS0=-0.0056040009196699405
SHAPE_COS1=-0.0759221518766042
SHAPE_S_COS1=-0.1065051115155532
SHAPE_COS2=0.00440359956878049
SHAPE_S_COS2=0.020646937954882566
SHAPE_COS3=-0.004122892741414379
SHAPE_S_COS3=-0.01236326218906652
SHAPE_COS4=-0.001859467997684217
SHAPE_S_COS4=-0.008357248958785899
SHAPE_COS5=-0.0007560560109103272
SHAPE_S_COS5=-0.0032014280528136737
SHAPE_COS6=0.0
SHAPE_S_COS6=0.0

# Rotation (Sonic)
ROTATION_MODEL=2
GAMMA_E=0.14072244721963612
GAMMA_P=-1.136991704076102
MACH=-0.5282885859869767

# Collisions (Sugama)
COLLISION_MODEL=4
NU_EE=+7.28455E-02

N_FIELD=2
BETAE_UNIT=+5.35871E-03
LAMBDA_STAR=+1.90438E-02

# Species
N_SPECIES=4

Z_1 =1
MASS_1=2.005325012566159
DENS_1=1.7026772888879216
TEMP_1=2.234045497122308
DLNNDR_1=1.4582640826329119
DLNTDR_1=5.537924392690922
SDLNNDR_1=0.009281042115317542
SDLNTDR_1=-0.0651816672968705

Z_2 =6
MASS_2=11.869514132317839
DENS_2=0.027578549832137977
TEMP_2=2.2431452011568918
DLNNDR_2=-0.16490920348779675
DLNTDR_2=5.619296091564166
SDLNNDR_2=0.01612153607413474
SDLNTDR_2=-0.06258754019003716

Z_3 =1
MASS_3=1.9803472986926138
DENS_3=0.11305850841944287
TEMP_3=26.146751516895527
DLNNDR_3=7.162589949665049
DLNTDR_3=1.1638669741578682
SDLNNDR_3=0.016207677044616252
SDLNTDR_3=0.1106395011989966

Z_4 =-1
MASS_4=0.0005534206653762378
DENS_4=2.024789304070092
TEMP_4=1.9802829222734615
DLNNDR_4=1.6032888338351632
DLNTDR_4=4.74287522354056
SDLNNDR_4=0.009985302024374108
SDLNTDR_4=-0.049523509781080784
