# Resolution
N_ENERGY=8
N_XI=16
N_THETA=24
N_RADIAL=6
N_TOROIDAL=1
NONLINEAR_FLAG=0

BOX_SIZE=1
KY=+3.00000E-01

DELTA_T=+8.00000E-03
MAX_TIME=+1.00000E+02
PRINT_STEP=100

# Geometry (Miller)
RMIN=+7.00000E-01
RMAJ=+2.97429E+00

EQUILIBRIUM_MODEL=2
IPCCW=+1.00000E+00
BTCCW=-1.00000E+00

SHIFT=-0.7000177371493643
ZMAG=-0.1597240938130593
DZMAG=-0.3118040389544453
Q=4.4314949005790485
S=4.2921708923686435
KAPPA=2.7271073292779446
S_KAPPA=0.4295610575165842
DELTA=-0.09000597301800911
S_DELTA=-0.2799353280691634
ZETA=-0.12894468766810835
S_ZETA=-0.37017928024861124

# Geometry (Advanced)
SHAPE_SIN3=0.022515295055817418
SHAPE_S_SIN3=0.039142961958207684
SHAPE_SIN4=0.017955653705638126
SHAPE_S_SIN4=0.07048274159674103
SHAPE_SIN5=0.003924388544373137
SHAPE_S_SIN5=0.006861754456482671
SHAPE_SIN6=0.0
SHAPE_S_SIN6=0.0
SHAPE_COS0=-0.13049153732406282
SHAPE_S_COS0=-0.14059387005316049
SHAPE_COS1=-0.05618478502901412
SHAPE_S_COS1=-0.2255146561948954
SHAPE_COS2=0.0517444575008022
SHAPE_S_COS2=0.1973155145570068
SHAPE_COS3=-0.0010673566364340728
SHAPE_S_COS3=0.011723047428642143
SHAPE_COS4=-0.008835884960199283
SHAPE_S_COS4=-0.045814878997486166
SHAPE_COS5=-0.0041184596734095795
SHAPE_S_COS5=-0.023647905052872908
SHAPE_COS6=0.0
SHAPE_S_COS6=0.0

# Rotation (Sonic)
ROTATION_MODEL=2
GAMMA_E=0.14790251453848346
GAMMA_P=-1.3564068953018882
MACH=-0.30444256379004075

# Collisions (Sugama)
COLLISION_MODEL=4
NU_EE=+1.04802E-01

N_FIELD=2
BETAE_UNIT=+2.22401E-03
LAMBDA_STAR=+2.48421E-02

# Species
N_SPECIES=4

Z_1 =1
MASS_1=2.004357804331136
DENS_1=1.6439908344008551
TEMP_1=2.1294903370754144
DLNNDR_1=1.8937848972720106
DLNTDR_1=5.453751856426689
SDLNNDR_1=-0.0136115133039066
SDLNTDR_1=-0.03857694203571227

Z_2 =6
MASS_2=11.928052254749144
DENS_2=0.0444622790121273
TEMP_2=2.1666993191549526
DLNNDR_2=1.405960405961129
DLNTDR_2=5.4672951874291
SDLNNDR_2=0.07576941911362015
SDLNTDR_2=-0.039364853653558574

Z_3 =1
MASS_3=1.9689157437733624
DENS_3=0.10738272185230073
TEMP_3=33.74386569373459
DLNNDR_3=14.465424327056285
DLNTDR_3=1.1678945770567823
SDLNNDR_3=-0.0972421992383296
SDLNTDR_3=-0.0685257683864102

Z_4 =-1
MASS_4=0.0005589398176927976
DENS_4=1.9696399480230786
TEMP_4=1.96475482517322
DLNNDR_4=2.5472077299619027
DLNTDR_4=6.425529026510896
SDLNNDR_4=-0.009040683312522654
SDLNTDR_4=-0.022693374548478973
