# Resolution
N_ENERGY=8
N_XI=16
N_THETA=24
N_RADIAL=6
N_TOROIDAL=1
NONLINEAR_FLAG=0

BOX_SIZE=1
KY=+3.00000E-01

DELTA_T=+8.00000E-03
MAX_TIME=+1.00000E+02
PRINT_STEP=100

# Geometry (Miller)
RMIN=+7.00000E-01
RMAJ=+2.72578E+00

EQUILIBRIUM_MODEL=2
IPCCW=+1.00000E+00
BTCCW=-1.00000E+00

SHIFT=-0.17157651186827821
ZMAG=0.011661463659965897
DZMAG=0.01406356957515029
Q=3.840544451088131
S=3.69044820540637
KAPPA=2.276921803855262
S_KAPPA=0.25781787690673685
DELTA=0.29043398133550274
S_DELTA=0.6081964081424425
ZETA=-0.03776974280237522
S_ZETA=-0.11702041052690498

# Geometry (Advanced)
SHAPE_SIN3=-0.008667477215026313
SHAPE_S_SIN3=-0.04861547883315953
SHAPE_SIN4=0.0006501973012490426
SHAPE_S_SIN4=0.004228490497638437
SHAPE_SIN5=-0.0008673753304908401
SHAPE_S_SIN5=-0.0068401980942944494
SHAPE_SIN6=0.0
SHAPE_S_SIN6=0.0
SHAPE_COS0=-0.018012505992235715
SHAPE_S_COS0=-0.006484664605411216
SHAPE_COS1=0.0023664506998838136
SHAPE_S_COS1=0.0033747222329009925
SHAPE_COS2=-0.0039966263504453165
SHAPE_S_COS2=-0.014715044747866746
SHAPE_COS3=-0.001141484397242271
SHAPE_S_COS3=-0.012088846180337317
SHAPE_COS4=0.00017669361168311812
SHAPE_S_COS4=0.005216271983031863
SHAPE_COS5=-0.00025691106318018674
SHAPE_S_COS5=-0.00946656817878478
SHAPE_COS6=0.0
SHAPE_S_COS6=0.0

# Rotation (Sonic)
ROTATION_MODEL=2
GAMMA_E=0.14084447065790856
GAMMA_P=-1.0925821344540456
MACH=-0.15443889251708298

# Collisions (Sugama)
COLLISION_MODEL=4
NU_EE=+2.75800E-01

N_FIELD=2
BETAE_UNIT=+1.18854E-03
LAMBDA_STAR=+2.52036E-02

# Species
N_SPECIES=4

Z_1 =1
MASS_1=1.9846603552479112
DENS_1=1.463349405852679
TEMP_1=1.7378136315532013
DLNNDR_1=3.0149843768814115
DLNTDR_1=4.621377307521531
SDLNNDR_1=0.011360745869602961
SDLNTDR_1=-0.0016785486400127895

Z_2 =6
MASS_2=12.103559214203537
DENS_2=0.08994908533110074
TEMP_2=1.7269441896982158
DLNNDR_2=2.774071141427643
DLNTDR_2=4.620806749762428
SDLNNDR_2=0.01652135981411143
SDLNTDR_2=-0.0017139320421672185

Z_3 =1
MASS_3=2.050421501382873
DENS_3=0.0035537496555213847
TEMP_3=50.224340914592275
DLNNDR_3=12.474765033898134
DLNTDR_3=2.764432557410652
SDLNNDR_3=0.003935104216615347
SDLNTDR_3=0.020626819565108288

Z_4 =-1
MASS_4=0.0005265023465125984
DENS_4=2.007364704271428
TEMP_4=1.9897061087253902
DLNNDR_4=3.0064343390933956
DLNTDR_4=7.595569259229924
SDLNNDR_4=0.012172308496615138
SDLNTDR_4=-0.02620807703893815
