# Resolution
N_ENERGY=8
N_XI=16
N_THETA=24
N_RADIAL=6
N_TOROIDAL=1
NONLINEAR_FLAG=0

BOX_SIZE=1
KY=+3.00000E-01

DELTA_T=+8.00000E-03
MAX_TIME=+1.00000E+02
PRINT_STEP=100

# Geometry (Miller)
RMIN=+7.00000E-01
RMAJ=+2.85312E+00

EQUILIBRIUM_MODEL=2
IPCCW=+1.00000E+00
BTCCW=-1.00000E+00

SHIFT=-0.650740353103701
ZMAG=-0.003036588866499856
DZMAG=-0.006941305871148178
Q=3.8351501179010743
S=3.3860155364186655
KAPPA=2.494686022504708
S_KAPPA=0.160717817506191
DELTA=-0.2746037553182315
S_DELTA=-0.6048082761537108
ZETA=-0.08249222068104796
S_ZETA=-0.22949014309842608

# Geometry (Advanced)
SHAPE_SIN3=0.019403029209558498
SHAPE_S_SIN3=0.045099390450432576
SHAPE_SIN4=0.015316194385050604
SHAPE_S_SIN4=0.07247227413478269
SHAPE_SIN5=0.0007630747766841695
SHAPE_S_SIN5=0.005094395624267511
SHAPE_SIN6=0.0
SHAPE_S_SIN6=0.0
SHAPE_COS0=-0.02156237102700185
SHAPE_S_COS0=-0.010395600104058647
SHAPE_COS1=-0.0036251287977128468
SHAPE_S_COS1=0.00044493953847262325
SHAPE_COS2=-0.0002344093657593171
SHAPE_S_COS2=0.00045628866541366894
SHAPE_COS3=-0.0005383698408907626
SHAPE_S_COS3=0.0006039458487487629
SHAPE_COS4=-0.00034277379799216794
SHAPE_S_COS4=-0.0033370336343782267
SHAPE_COS5=-0.00010354306412944255
SHAPE_S_COS5=0.0009849235145046858
SHAPE_COS6=0.0
SHAPE_S_COS6=0.0

# Rotation (Sonic)
ROTATION_MODEL=2
GAMMA_E=0.2584469118859838
GAMMA_P=-2.0372895263556527
MACH=-0.46052766195845163

# Collisions (Sugama)
COLLISION_MODEL=4
NU_EE=+4.27136E-01

N_FIELD=2
BETAE_UNIT=+2.17768E-03
LAMBDA_STAR=+1.92317E-02

# Species
N_SPECIES=4

Z_1 =1
MASS_1=1.9707340216607823
DENS_1=1.257573882796462
TEMP_1=3.1004800423226886
DLNNDR_1=1.475268533225511
DLNTDR_1=6.108863647202636
SDLNNDR_1=0.02272242396195762
SDLNTDR_1=0.004649112935631254

Z_2 =6
MASS_2=12.335633069906084
DENS_2=0.12034734986860102
TEMP_2=3.0362402421827612
DLNNDR_2=3.659255581810932
DLNTDR_2=6.037261950903915
SDLNNDR_2=0.034257895626348664
SDLNTDR_2=0.004527608351628796

Z_3 =1
MASS_3=2.068267653074522
DENS_3=0.03516630765970233
TEMP_3=45.10342363584511
DLNNDR_3=14.843037367798932
DLNTDR_3=2.869342128123948
SDLNNDR_3=-0.08333539583606525
SDLNTDR_3=-0.04311903994847352

Z_4 =-1
MASS_4=0.0005456671656374169
DENS_4=2.0080534173179783
TEMP_4=1.9776625592280284
DLNNDR_4=2.4830155766551343
DLNTDR_4=9.749147926580012
SDLNNDR_4=0.02606007086617554
SDLNTDR_4=-0.11303406471691851
