# Resolution
N_ENERGY=8
N_XI=16
N_THETA=24
N_RADIAL=6
N_TOROIDAL=1
NONLINEAR_FLAG=0

BOX_SIZE=1
KY=+3.00000E-01

DELTA_T=+8.00000E-03
MAX_TIME=+1.00000E+02
PRINT_STEP=100

# Geometry (Miller)
RMIN=+9.00000E-01
RMAJ=+2.86523E+00

EQUILIBRIUM_MODEL=2
IPCCW=+1.00000E+00
BTCCW=-1.00000E+00

SHIFT=-0.9547511784242377
ZMAG=-0.32190265251960704
DZMAG=-1.3436808185637155
Q=7.935063473508594
S=5.5147685861963405
KAPPA=2.8950057205394044
S_KAPPA=0.9836397975211553
DELTA=-0.18471478174658332
S_DELTA=-0.5536474671702265
ZETA=-0.2733836678230277
S_ZETA=-1.001838016232094

# Geometry (Advanced)
SHAPE_SIN3=0.014768711828429027
SHAPE_S_SIN3=-0.04638792662809391
SHAPE_SIN4=0.04119405424017136
SHAPE_S_SIN4=0.14965152983071517
SHAPE_SIN5=0.000709152029403284
SHAPE_S_SIN5=-0.07383422879582252
SHAPE_SIN6=0.0
SHAPE_S_SIN6=0.0
SHAPE_COS0=-0.15894779238529472
SHAPE_S_COS0=-0.2452700919384913
SHAPE_COS1=-0.2166937928965991
SHAPE_S_COS1=-1.2398946433511664
SHAPE_COS2=0.1358698490911274
SHAPE_S_COS2=0.5717968972443239
SHAPE_COS3=0.002198423608930907
SHAPE_S_COS3=0.023445021943995645
SHAPE_COS4=-0.020250472268573762
SHAPE_S_COS4=-0.04762717645193222
SHAPE_COS5=-0.02230482207271037
SHAPE_S_COS5=-0.16384519972467587
SHAPE_COS6=0.0
SHAPE_S_COS6=0.0

# Rotation (Sonic)
ROTATION_MODEL=2
GAMMA_E=0.334875737678655
GAMMA_P=-4.345967595458272
MACH=-0.07204913610529648

# Collisions (Sugama)
COLLISION_MODEL=4
NU_EE=+4.35551E-01

N_FIELD=2
BETAE_UNIT=+6.04637E-04
LAMBDA_STAR=+3.08521E-02

# Species
N_SPECIES=4

Z_1 =1
MASS_1=2.014560357229885
DENS_1=1.7951005600194518
TEMP_1=2.7927690504972706
DLNNDR_1=2.8079720283697607
DLNTDR_1=11.186971344278012
SDLNNDR_1=0.016761279103624786
SDLNTDR_1=0.39693378641990795

Z_2 =6
MASS_2=12.090625324224746
DENS_2=0.029008516264838892
TEMP_2=2.8359985940808454
DLNNDR_2=8.857883151413892
DLNTDR_2=10.878202878460552
SDLNNDR_2=0.0792264621699322
SDLNTDR_2=0.3889082282123181

Z_3 =1
MASS_3=1.938744244187793
DENS_3=0.008917205006044551
TEMP_3=64.44557173566571
DLNNDR_3=40.86966209972624
DLNTDR_3=2.4112918496018554
SDLNNDR_3=-1.152439464794051
SDLNTDR_3=0.001121371296146389

Z_4 =-1
MASS_4=0.000539145180830937
DENS_4=2.0188120800296665
TEMP_4=1.9605759051062508
DLNNDR_4=3.4806702772152764
DLNTDR_4=10.649040035345088
SDLNNDR_4=0.018115241902324872
SDLNTDR_4=0.05479821645774145
