# Resolution
N_ENERGY=8
N_XI=16
N_THETA=24
N_RADIAL=6
N_TOROIDAL=1
NONLINEAR_FLAG=0

BOX_SIZE=1
KY=+3.00000E-01

DELTA_T=+8.00000E-03
MAX_TIME=+1.00000E+02
PRINT_STEP=100

# Geometry (Miller)
RMIN=+9.00000E-01
RMAJ=+2.86977E+00

EQUILIBRIUM_MODEL=2
IPCCW=+1.00000E+00
BTCCW=-1.00000E+00

SHIFT=-0.9158461719279969
ZMAG=-0.3133731781401028
DZMAG=-1.323395566589149
Q=8.02997981221892
S=5.663814594060053
KAPPA=2.9103666721808112
S_KAPPA=1.066676963935096
DELTA=-0.20956171355815856
S_DELTA=-0.6178649323104871
ZETA=-0.2710879130773178
S_ZETA=-1.0011019787125006

# Geometry (Advanced)
SHAPE_SIN3=0.020447047987248772
SHAPE_S_SIN3=-0.030765963184296363
SHAPE_SIN4=0.043086916215743454
SHAPE_S_SIN4=0.1654454284422979
SHAPE_SIN5=0.0012242789745921198
SHAPE_S_SIN5=-0.06335801416117073
SHAPE_SIN6=0.0
SHAPE_S_SIN6=0.0
SHAPE_COS0=-0.1651267810559606
SHAPE_S_COS0=-0.29640704569917253
SHAPE_COS1=-0.19891453969127798
SHAPE_S_COS1=-1.2490192968031986
SHAPE_COS2=0.13853925336961326
SHAPE_S_COS2=0.6520214636730565
SHAPE_COS3=0.004155394519058116
SHAPE_S_COS3=0.05969299410280353
SHAPE_COS4=-0.02241128577982268
SHAPE_S_COS4=-0.06449060127120954
SHAPE_COS5=-0.022592161592501256
SHAPE_S_COS5=-0.18056797070695144
SHAPE_COS6=0.0
SHAPE_S_COS6=0.0

# Rotation (Sonic)
ROTATION_MODEL=2
GAMMA_E=0.3232533209810995
GAMMA_P=-4.03803045312298
MACH=-0.023889961910735273

# Collisions (Sugama)
COLLISION_MODEL=4
NU_EE=+4.36430E-01

N_FIELD=2
BETAE_UNIT=+4.94734E-04
LAMBDA_STAR=+3.31463E-02

# Species
N_SPECIES=4

Z_1 =1
MASS_1=2.0402846514522857
DENS_1=1.761602355167322
TEMP_1=3.054459295421313
DLNNDR_1=2.8727721670220756
DLNTDR_1=12.772217934089504
SDLNNDR_1=0.037938388884538016
SDLNTDR_1=0.2769446795923002

Z_2 =6
MASS_2=12.20395753623255
DENS_2=0.0379050799507837
TEMP_2=3.05221867375034
DLNNDR_2=7.959401651975021
DLNTDR_2=12.112232056283863
SDLNNDR_2=0.023175098155081255
SDLNTDR_2=0.27720854205725215

Z_3 =1
MASS_3=2.033834665206425
DENS_3=0.012468881249781951
TEMP_3=66.91324881458976
DLNNDR_3=38.88389049581883
DLNTDR_3=2.063323797869054
SDLNNDR_3=-0.9919949476364349
SDLNTDR_3=-0.002270515226698179

Z_4 =-1
MASS_4=0.0005337704125255416
DENS_4=1.9899267736575488
TEMP_4=1.9497947837125928
DLNNDR_4=3.6650026122170116
DLNTDR_4=11.583849540596114
SDLNNDR_4=0.033404688380962985
SDLNTDR_4=-0.008139929336027574
