# Resolution
N_ENERGY=8
N_XI=16
N_THETA=24
N_RADIAL=6
N_TOROIDAL=1
NONLINEAR_FLAG=0

BOX_SIZE=1
KY=+3.00000E-01

DELTA_T=+8.00000E-03
MAX_TIME=+1.00000E+02
PRINT_STEP=100

# Geometry (Miller)
RMIN=+9.00000E-01
RMAJ=+2.70543E+00

EQUILIBRIUM_MODEL=2
IPCCW=+1.00000E+00
BTCCW=-1.00000E+00

SHIFT=-0.23156545960980063
ZMAG=0.015721527986059428
DZMAG=0.03832320321486955
Q=6.974596884399306
S=6.113971159357185
KAPPA=2.384442079993941
S_KAPPA=0.8414406585504942
DELTA=0.5346090779315527
S_DELTA=1.4568113329360854
ZETA=-0.10185740212628275
S_ZETA=-0.4692742407093752

# Geometry (Advanced)
SHAPE_SIN3=-0.029917133019136323
SHAPE_S_SIN3=-0.16698011550582958
SHAPE_SIN4=0.005383545400266863
SHAPE_S_SIN4=0.05612685040657041
SHAPE_SIN5=-0.004986464671448782
SHAPE_S_SIN5=-0.030137205491414448
SHAPE_SIN6=0.0
SHAPE_S_SIN6=0.0
SHAPE_COS0=-0.019559789304423966
SHAPE_S_COS0=-0.0034223503639655697
SHAPE_COS1=0.008522526292639505
SHAPE_S_COS1=0.05721420697244551
SHAPE_COS2=-0.00881811569588354
SHAPE_S_COS2=-0.03275138129407143
SHAPE_COS3=-0.003978161808695103
SHAPE_S_COS3=-0.015209633713263372
SHAPE_COS4=0.0012966799994595527
SHAPE_S_COS4=0.008918606762516164
SHAPE_COS5=-0.001938379936742367
SHAPE_S_COS5=-0.008796784992439435
SHAPE_COS6=0.0
SHAPE_S_COS6=0.0

# Rotation (Sonic)
ROTATION_MODEL=2
GAMMA_E=0.021811262937492984
GAMMA_P=-0.2248216574706035
MACH=-0.048159491074433604

# Collisions (Sugama)
COLLISION_MODEL=4
NU_EE=+1.34918E+00

N_FIELD=2
BETAE_UNIT=+2.16087E-04
LAMBDA_STAR=+3.59191E-02

# Species
N_SPECIES=4

Z_1 =1
MASS_1=2.008150170531078
DENS_1=1.4858673720895603
TEMP_1=2.573955420638339
DLNNDR_1=1.65436335937438
DLNTDR_1=7.5697654688711005
SDLNNDR_1=-0.07052983416437715
SDLNTDR_1=-0.006895249283706974

Z_2 =6
MASS_2=12.06491758965673
DENS_2=0.08640464841193225
TEMP_2=2.600070665977876
DLNNDR_2=5.656322800095981
DLNTDR_2=7.485849173227143
SDLNNDR_2=0.031263941863645325
SDLNTDR_2=-0.0069829550687375876

Z_3 =1
MASS_3=2.0038690986895658
DENS_3=0.0006751753430682473
TEMP_3=103.91344467240447
DLNNDR_3=32.414958022964925
DLNTDR_3=4.158381507302263
SDLNNDR_3=-0.18218281131616665
SDLNTDR_3=-0.24594076999601466

Z_4 =-1
MASS_4=0.0005352043673512274
DENS_4=1.9859437304889844
TEMP_4=2.0138464483780614
DLNNDR_4=2.660492303572938
DLNTDR_4=14.319381714600176
SDLNNDR_4=-0.043512349455784305
SDLNTDR_4=-0.034844728127525273
