# Resolution
N_ENERGY=8
N_XI=16
N_THETA=24
N_RADIAL=6
N_TOROIDAL=1
NONLINEAR_FLAG=0

BOX_SIZE=1
KY=+3.00000E-01

DELTA_T=+8.00000E-03
MAX_TIME=+1.00000E+02
PRINT_STEP=100

# Geometry (Miller)
RMIN=+9.00000E-01
RMAJ=+2.85222E+00

EQUILIBRIUM_MODEL=2
IPCCW=+1.00000E+00
BTCCW=-1.00000E+00

SHIFT=-0.8855420574807364
ZMAG=-0.323514957902768
DZMAG=-1.2834770012462342
Q=7.877565774541436
S=5.776412109107001
KAPPA=2.8929279587717636
S_KAPPA=1.1389865027471762
DELTA=-0.20607772725208956
S_DELTA=-0.5933261272177046
ZETA=-0.26890549901853855
S_ZETA=-1.0241482530293626

# Geometry (Advanced)
SHAPE_SIN3=0.02060796743008758
SHAPE_S_SIN3=-0.009309382360314793
SHAPE_SIN4=0.04116287924867851
SHAPE_S_SIN4=0.15831269679914572
SHAPE_SIN5=0.0004665083009404295
SHAPE_S_SIN5=-0.056909267510207834
SHAPE_SIN6=0.0
SHAPE_S_SIN6=0.0
SHAPE_COS0=-0.15407281941035794
SHAPE_S_COS0=-0.30410736838911234
SHAPE_COS1=-0.20577153800497455
SHAPE_S_COS1=-1.220569168061448
SHAPE_COS2=0.138440834640767
SHAPE_S_COS2=0.6537634037899673
SHAPE_COS3=0.0036190884574523437
SHAPE_S_COS3=0.04648522261478692
SHAPE_COS4=-0.022653162560614417
SHAPE_S_COS4=-0.0782755463394787
SHAPE_COS5=-0.021795196682051758
SHAPE_S_COS5=-0.1780622597831471
SHAPE_COS6=0.0
SHAPE_S_COS6=0.0

# Rotation (Sonic)
ROTATION_MODEL=2
GAMMA_E=0.35288479387021804
GAMMA_P=-4.319220697667918
MACH=-0.10034598589254522

# Collisions (Sugama)
COLLISION_MODEL=4
NU_EE=+4.19661E-01

N_FIELD=2
BETAE_UNIT=+5.16607E-04
LAMBDA_STAR=+3.28999E-02

# Species
N_SPECIES=4

Z_1 =1
MASS_1=2.0415684682937183
DENS_1=1.751984845574854
TEMP_1=3.0561161404542245
DLNNDR_1=3.675597438345915
DLNTDR_1=8.191170390037357
SDLNNDR_1=0.02493918680215817
SDLNTDR_1=0.516675902238124

Z_2 =6
MASS_2=12.137212790827798
DENS_2=0.03766662872902528
TEMP_2=3.0251122637470536
DLNNDR_2=8.061450169117043
DLNTDR_2=8.18249607968838
SDLNNDR_2=0.01309106286916249
SDLNTDR_2=0.5259838406854715

Z_3 =1
MASS_3=2.0513596486143273
DENS_3=0.009154564068891584
TEMP_3=66.72607489850719
DLNNDR_3=39.711615772423926
DLNTDR_3=1.3003611535229376
SDLNNDR_3=-0.8093220483032184
SDLNTDR_3=-0.19878312227762035

Z_4 =-1
MASS_4=0.0005582667221280354
DENS_4=1.9592124794761867
TEMP_4=2.0055379711580446
DLNNDR_4=4.2443646547414176
DLNTDR_4=12.759686434342314
SDLNNDR_4=0.02191075520107406
SDLNTDR_4=0.019021428828794457
