# Resolution
N_ENERGY=8
N_XI=16
N_THETA=24
N_RADIAL=6
N_TOROIDAL=1
NONLINEAR_FLAG=0

BOX_SIZE=1
KY=+3.00000E-01

DELTA_T=+8.00000E-03
MAX_TIME=+1.00000E+02
PRINT_STEP=100

# Geometry (Miller)
RMIN=+5.00000E-01
RMAJ=+2.90059E+00

EQUILIBRIUM_MODEL=2
IPCCW=+1.00000E+00
BTCCW=-1.00000E+00

SHIFT=-0.37285838910727914
ZMAG=-0.01982365241320445
DZMAG=-0.00909784674004829
Q=2.4622170546662034
S=1.8895027149142267
KAPPA=2.455970171383975
S_KAPPA=0.07694506946012458
DELTA=-0.16369338289336233
S_DELTA=-0.24872842943166518
ZETA=-0.033229797464495836
S_ZETA=-0.08171676745126502

# Geometry (Advanced)
SHAPE_SIN3=0.007226197428716082
SHAPE_S_SIN3=0.02352195478433377
SHAPE_SIN4=0.003576651784541988
SHAPE_S_SIN4=0.015292869107739512
SHAPE_SIN5=0.0003174265862285478
SHAPE_S_SIN5=0.0010270115922430454
SHAPE_SIN6=0.0
SHAPE_S_SIN6=0.0
SHAPE_COS0=-0.013429169626554653
SHAPE_S_COS0=0.0005339570388337201
SHAPE_COS1=-0.005121175764446679
SHAPE_S_COS1=-0.006072284660485846
SHAPE_COS2=-0.0010006822926821876
SHAPE_S_COS2=0.00040807745626060933
SHAPE_COS3=-0.0005039438368774727
SHAPE_S_COS3=-0.0016573375530604378
SHAPE_COS4=-4.837507653850449e-05
SHAPE_S_COS4=0.0032550231833599896
SHAPE_COS5=-6.916572024486168e-05
SHAPE_S_COS5=-0.00030093772902367496
SHAPE_COS6=0.0
SHAPE_S_COS6=0.0

# Rotation (Sonic)
ROTATION_MODEL=2
GAMMA_E=0.15596786358885095
GAMMA_P=-1.1078549759521645
MACH=-0.6081197759882506

# Collisions (Sugama)
COLLISION_MODEL=4
NU_EE=+7.78785E-02

N_FIELD=2
BETAE_UNIT=+5.31135E-03
LAMBDA_STAR=+1.89330E-02

# Species
N_SPECIES=4

Z_1 =1
MASS_1=2.0395045856874634
DENS_1=1.245923897119055
TEMP_1=1.9769906362939342
DLNNDR_1=2.3486965760733236
DLNTDR_1=2.766338174236078
SDLNNDR_1=-0.02415979439269221
SDLNTDR_1=-0.053487882595584055

Z_2 =6
MASS_2=11.647622960585245
DENS_2=0.11600727828311017
TEMP_2=1.959536295201521
DLNNDR_2=0.6286392258010334
DLNTDR_2=2.7642996363327734
SDLNNDR_2=0.05884547044227696
SDLNTDR_2=-0.054291256219966486

Z_3 =1
MASS_3=2.0487661987469363
DENS_3=0.09661688107900798
TEMP_3=25.01620927394208
DLNNDR_3=7.481210423702713
DLNTDR_3=1.0945310601188463
SDLNNDR_3=-0.02085158834289821
SDLNTDR_3=0.03528754286959693

Z_4 =-1
MASS_4=0.0005562974762711188
DENS_4=1.9620404140312049
TEMP_4=2.018829420060589
DLNNDR_4=2.0409060625474327
DLNTDR_4=5.919085594713323
SDLNNDR_4=0.00456291556156294
SDLNTDR_4=-0.030996155709326494
