# Resolution
N_ENERGY=8
N_XI=16
N_THETA=24
N_RADIAL=6
N_TOROIDAL=1
NONLINEAR_FLAG=0

BOX_SIZE=1
KY=+3.00000E-01

DELTA_T=+8.00000E-03
MAX_TIME=+1.00000E+02
PRINT_STEP=100

# Geometry (Miller)
RMIN=+7.00000E-01
RMAJ=+2.94545E+00

EQUILIBRIUM_MODEL=2
IPCCW=+1.00000E+00
BTCCW=-1.00000E+00

SHIFT=-0.5712195797287911
ZMAG=-0.18969270425601675
DZMAG=-0.25035408743251886
Q=4.345442883881659
S=4.316286020228727
KAPPA=2.7175043844578726
S_KAPPA=0.469567308611615
DELTA=-0.10191611982321092
S_DELTA=-0.26621875586415333
ZETA=-0.11403695896012159
S_ZETA=-0.3637187842732969

# Geometry (Advanced)
SHAPE_SIN3=0.018323082923580907
SHAPE_S_SIN3=0.03943843316227575
SHAPE_SIN4=0.014386897364284938
SHAPE_S_SIN4=0.07609624656075738
SHAPE_SIN5=0.0031914446465658155
SHAPE_S_SIN5=0.007746121632941891
SHAPE_SIN6=0.0
SHAPE_S_SIN6=0.0
SHAPE_COS0=-0.11231249170906138
SHAPE_S_COS0=-0.12390443400850598
SHAPE_COS1=-0.06240013082735971
SHAPE_S_COS1=-0.20411271546122517
SHAPE_COS2=0.04747437257343261
SHAPE_S_COS2=0.1930106190571052
SHAPE_COS3=-0.0019921651399464144
SHAPE_S_COS3=0.00742664480717228
SHAPE_COS4=-0.007829519154141578
SHAPE_S_COS4=-0.03743490495344994
SHAPE_COS5=-0.0038034726036210624
SHAPE_S_COS5=-0.024532541531387776
SHAPE_COS6=0.0
SHAPE_S_COS6=0.0

# Rotation (Sonic)
ROTATION_MODEL=2
GAMMA_E=0.12361536979371708
GAMMA_P=-1.0877592390669863
MACH=-0.3436331421812638

# Collisions (Sugama)
COLLISION_MODEL=4
NU_EE=+1.13542E-01

N_FIELD=2
BETAE_UNIT=+1.94428E-03
LAMBDA_STAR=+2.55084E-02

# Species
N_SPECIES=4

Z_1 =1
MASS_1=1.980713195191122
DENS_1=1.6021486531407825
TEMP_1=2.2572203530726798
DLNNDR_1=1.974754083382715
DLNTDR_1=4.114333991074828
SDLNNDR_1=-0.014900879338402518
SDLNTDR_1=-0.017339609243904573

Z_2 =6
MASS_2=12.089434874718373
DENS_2=0.04442473391045508
TEMP_2=2.2716982931794854
DLNNDR_2=1.8276576132062532
DLNTDR_2=4.110424562491334
SDLNNDR_2=0.060898370374786535
SDLNTDR_2=-0.017134073257948954

Z_3 =1
MASS_3=2.028063007045045
DENS_3=0.08948248520620888
TEMP_3=36.13607303689324
DLNNDR_3=13.92411222135918
DLNTDR_3=1.6458847371497045
SDLNNDR_3=-0.20181016810380076
SDLNTDR_3=0.027087532313430154

Z_4 =-1
MASS_4=0.0005479850886946098
DENS_4=1.9854594776190324
TEMP_4=1.9989729150411906
DLNNDR_4=2.4758962322818983
DLNTDR_4=5.815243257812167
SDLNNDR_4=-0.012346481208007208
SDLNTDR_4=-0.034933360088358456
