# Resolution
N_ENERGY=8
N_XI=16
N_THETA=24
N_RADIAL=6
N_TOROIDAL=1
NONLINEAR_FLAG=0

BOX_SIZE=1
KY=+3.00000E-01

DELTA_T=+8.00000E-03
MAX_TIME=+1.00000E+02
PRINT_STEP=100

# Geometry (Miller)
RMIN=+5.00000E-01
RMAJ=+2.90557E+00

EQUILIBRIUM_MODEL=2
IPCCW=+1.00000E+00
BTCCW=-1.00000E+00

SHIFT=-0.4064255754632853
ZMAG=-0.0017230948846203326
DZMAG=-0.005071607565034329
Q=2.430124930930022
S=2.301177301471948
KAPPA=2.509039510417494
S_KAPPA=0.0975275224218123
DELTA=-0.1419443266207323
S_DELTA=-0.2340764029982942
ZETA=-0.03269170191551901
S_ZETA=-0.09707559277498505

# Geometry (Advanced)
SHAPE_SIN3=0.006765670650412605
SHAPE_S_SIN3=0.023646131875722055
SHAPE_SIN4=0.0030671439775970767
SHAPE_S_SIN4=0.01412440995028451
SHAPE_SIN5=0.0002529917771396838
SHAPE_S_SIN5=0.0008732343367307978
SHAPE_SIN6=0.0
SHAPE_S_SIN6=0.0
SHAPE_COS0=-0.01900519153758379
SHAPE_S_COS0=-0.00582882311042558
SHAPE_COS1=-0.0028685505715682407
SHAPE_S_COS1=-0.0024507949776920524
SHAPE_COS2=-0.00035964403707476253
SHAPE_S_COS2=-6.256936411719042e-05
SHAPE_COS3=-0.00024389004559290982
SHAPE_S_COS3=-0.000825092068461235
SHAPE_COS4=-7.06328131135369e-05
SHAPE_S_COS4=-0.0019381869522298906
SHAPE_COS5=-4.4795655923602644e-05
SHAPE_S_COS5=-0.00010886569891471339
SHAPE_COS6=0.0
SHAPE_S_COS6=0.0

# Rotation (Sonic)
ROTATION_MODEL=2
GAMMA_E=0.20275127786577837
GAMMA_P=-1.5523672730783118
MACH=-0.5866362642508862

# Collisions (Sugama)
COLLISION_MODEL=4
NU_EE=+1.09486E-01

N_FIELD=2
BETAE_UNIT=+6.33211E-03
LAMBDA_STAR=+1.67954E-02

# Species
N_SPECIES=4

Z_1 =1
MASS_1=2.000178499076187
DENS_1=1.1766718321258196
TEMP_1=2.2777566757572796
DLNNDR_1=2.266925321972967
DLNTDR_1=4.634299419632098
SDLNNDR_1=-0.04943711144347799
SDLNTDR_1=-0.04535096475375111

Z_2 =6
MASS_2=11.59120669360761
DENS_2=0.11757323621212787
TEMP_2=2.3285304754169402
DLNNDR_2=-0.2503131643956831
DLNTDR_2=4.633206712004911
SDLNNDR_2=0.07594156773494574
SDLNTDR_2=-0.04577023544907957

Z_3 =1
MASS_3=2.0161246338173067
DENS_3=0.08754535682538672
TEMP_3=26.405743829621365
DLNNDR_3=6.650154085957176
DLNTDR_3=2.2281185577671483
SDLNNDR_3=-0.010188101445175592
SDLNTDR_3=0.05102939392671021

Z_4 =-1
MASS_4=0.0005433072701923358
DENS_4=1.9887211965066067
TEMP_4=2.002564039628802
DLNNDR_4=1.6021943755718868
DLNTDR_4=6.046714789989618
SDLNNDR_4=-0.002919832574394296
SDLNTDR_4=-0.01737552331645859
