# Resolution
N_ENERGY=8
N_XI=16
N_THETA=24
N_RADIAL=6
N_TOROIDAL=1
NONLINEAR_FLAG=0

BOX_SIZE=1
KY=+3.00000E-01

DELTA_T=+8.00000E-03
MAX_TIME=+1.00000E+02
PRINT_STEP=100

# Geometry (Miller)
RMIN=+9.00000E-01
RMAJ=+2.77966E+00

EQUILIBRIUM_MODEL=2
IPCCW=+1.00000E+00
BTCCW=-1.00000E+00

SHIFT=-0.9316072849489239
ZMAG=0.0036334150024115485
DZMAG=0.008264597790651404
Q=6.49770523346673
S=4.794245014613566
KAPPA=2.6038962598976116
S_KAPPA=0.17248228188357972
DELTA=-0.5307170244895825
S_DELTA=-1.4110991063809024
ZETA=-0.1686698988275323
S_ZETA=-0.5309107395017265

# Geometry (Advanced)
SHAPE_SIN3=0.02942080894512942
SHAPE_S_SIN3=0.054906204688596666
SHAPE_SIN4=0.05209120469748134
SHAPE_S_SIN4=0.280337220506616
SHAPE_SIN5=-0.006579155911687834
SHAPE_S_SIN5=-0.07537956018495992
SHAPE_SIN6=0.0
SHAPE_S_SIN6=0.0
SHAPE_COS0=-0.03182799009028545
SHAPE_S_COS0=-0.025454958881383903
SHAPE_COS1=-0.004261658969521942
SHAPE_S_COS1=0.00231545549094062
SHAPE_COS2=5.739729897440258e-05
SHAPE_S_COS2=0.01586585885370839
SHAPE_COS3=0.0006583264650621021
SHAPE_S_COS3=-0.006313163464707101
SHAPE_COS4=-0.001630314203394517
SHAPE_S_COS4=-0.011429714677090898
SHAPE_COS5=0.00017787512290427712
SHAPE_S_COS5=-0.006842132475787098
SHAPE_COS6=0.0
SHAPE_S_COS6=0.0

# Rotation (Sonic)
ROTATION_MODEL=2
GAMMA_E=0.17446969538408652
GAMMA_P=-1.7105943241274004
MACH=-0.46511491340138267

# Collisions (Sugama)
COLLISION_MODEL=4
NU_EE=+9.82097E-01

N_FIELD=2
BETAE_UNIT=+4.41274E-04
LAMBDA_STAR=+2.79729E-02

# Species
N_SPECIES=4

Z_1 =1
MASS_1=1.9849472258074026
DENS_1=1.1977725004374444
TEMP_1=4.017176080500123
DLNNDR_1=4.712798536751873
DLNTDR_1=11.603460478851428
SDLNNDR_1=0.02996775786405882
SDLNTDR_1=0.005274448542731989

Z_2 =6
MASS_2=11.84752444760474
DENS_2=0.1325104362395076
TEMP_2=3.967494976354614
DLNNDR_2=4.724280468364954
DLNTDR_2=11.595765942192214
SDLNNDR_2=0.0026594773292355866
SDLNTDR_2=0.005336673850230431

Z_3 =1
MASS_3=1.9996381049666578
DENS_3=0.006027177543606758
TEMP_3=94.67962678342062
DLNNDR_3=35.945235793210834
DLNTDR_3=1.5052685917886532
SDLNNDR_3=-0.7787438863626168
SDLNTDR_3=0.05901170817740807

Z_4 =-1
MASS_4=0.0005493514466225918
DENS_4=1.976570309707701
TEMP_4=2.0157013830852453
DLNNDR_4=4.9264679215247735
DLNTDR_4=13.085140290585556
SDLNNDR_4=0.018332729906435693
SDLNTDR_4=0.07292408340376737
