# Resolution
N_ENERGY=8
N_XI=16
N_THETA=24
N_RADIAL=6
N_TOROIDAL=1
NONLINEAR_FLAG=0

BOX_SIZE=1
KY=+3.00000E-01

DELTA_T=+8.00000E-03
MAX_TIME=+1.00000E+02
PRINT_STEP=100

# Geometry (Miller)
RMIN=+7.00000E-01
RMAJ=+2.86042E+00

EQUILIBRIUM_MODEL=2
IPCCW=+1.00000E+00
BTCCW=-1.00000E+00

SHIFT=-0.5349399093496157
ZMAG=0.0008965848031201483
DZMAG=-0.000810000234837918
Q=3.717592463063509
S=3.581514532009346
KAPPA=2.375470334105921
S_KAPPA=0.1678991473799074
DELTA=-0.2738267316315007
S_DELTA=-0.6045415324030661
ZETA=-0.06532232569979657
S_ZETA=-0.20798934674139907

# Geometry (Advanced)
SHAPE_SIN3=0.011762190131144525
SHAPE_S_SIN3=0.038733926463091456
SHAPE_SIN4=0.01257043522456084
SHAPE_S_SIN4=0.0695122616678421
SHAPE_SIN5=-0.00017564976735166062
SHAPE_S_SIN5=-0.007831162568716316
SHAPE_SIN6=0.0
SHAPE_S_SIN6=0.0
SHAPE_COS0=-0.02710757495442069
SHAPE_S_COS0=-0.018538950366362796
SHAPE_COS1=-0.005155288076104079
SHAPE_S_COS1=-0.0025389055009060525
SHAPE_COS2=-0.0009735291854286675
SHAPE_S_COS2=-0.008962392549266968
SHAPE_COS3=-0.00015258938359604223
SHAPE_S_COS3=0.005705165850653428
SHAPE_COS4=-0.00046683934496547213
SHAPE_S_COS4=-0.009872120815011296
SHAPE_COS5=-4.477553317742031e-05
SHAPE_S_COS5=0.00048130012921996827
SHAPE_COS6=0.0
SHAPE_S_COS6=0.0

# Rotation (Sonic)
ROTATION_MODEL=2
GAMMA_E=0.22337621063257426
GAMMA_P=-1.685347515074799
MACH=-0.44144212214481027

# Collisions (Sugama)
COLLISION_MODEL=4
NU_EE=+3.17946E-01

N_FIELD=2
BETAE_UNIT=+1.34497E-03
LAMBDA_STAR=+2.34495E-02

# Species
N_SPECIES=4

Z_1 =1
MASS_1=1.9798029435117892
DENS_1=1.3695511296688956
TEMP_1=2.964046491589658
DLNNDR_1=2.9809858003949423
DLNTDR_1=4.313784473626724
SDLNNDR_1=-0.012459463132834001
SDLNTDR_1=0.03363391870380017

Z_2 =6
MASS_2=11.952218930420754
DENS_2=0.10477544384629875
TEMP_2=2.9447865265170066
DLNNDR_2=3.1584796770886934
DLNTDR_2=4.341698917812089
SDLNNDR_2=0.03915859773039884
SDLNTDR_2=0.03253902957823773

Z_3 =1
MASS_3=1.984188886761917
DENS_3=0.022346783152930854
TEMP_3=55.6350765992137
DLNNDR_3=14.840821976963838
DLNTDR_3=1.7097307282966234
SDLNNDR_3=-0.21654856842813963
SDLNTDR_3=0.021801266966947064

Z_4 =-1
MASS_4=0.0005322061989870585
DENS_4=1.9688321080044582
TEMP_4=2.0303847869324763
DLNNDR_4=3.128325998117163
DLNTDR_4=9.336447662641147
SDLNNDR_4=0.0006281405452115407
SDLNTDR_4=-0.08283420327938462
