# Resolution
N_ENERGY=8
N_XI=16
N_THETA=24
N_RADIAL=6
N_TOROIDAL=1
NONLINEAR_FLAG=0

BOX_SIZE=1
KY=+3.00000E-01

DELTA_T=+8.00000E-03
MAX_TIME=+1.00000E+02
PRINT_STEP=100

# Geometry (Miller)
RMIN=+7.00000E-01
RMAJ=+2.93109E+00

EQUILIBRIUM_MODEL=2
IPCCW=+1.00000E+00
BTCCW=-1.00000E+00

SHIFT=-0.520028661375232
ZMAG=-0.3067771143541043
DZMAG=-0.32885717700343936
Q=4.228243980198625
S=3.4071212171667042
KAPPA=2.6283105604582824
S_KAPPA=0.308516322428233
DELTA=-0.054622690770232726
S_DELTA=-0.14579923181799695
ZETA=-0.09653508609997892
S_ZETA=-0.30174411242059224

# Geometry (Advanced)
SHAPE_SIN3=0.005783891169021924
SHAPE_S_SIN3=-0.0031670949060027703
SHAPE_SIN4=0.01183686233385281
SHAPE_S_SIN4=0.0453737920756173
SHAPE_SIN5=0.0024222448701255307
SHAPE_S_SIN5=0.011069185376439656
SHAPE_SIN6=0.0
SHAPE_S_SIN6=0.0
SHAPE_COS0=-0.09813246469935095
SHAPE_S_COS0=-0.01782915287626053
SHAPE_COS1=-0.13811363183973174
SHAPE_S_COS1=-0.3195894589085049
SHAPE_COS2=0.021786410223375758
SHAPE_S_COS2=0.10847631876836264
SHAPE_COS3=-0.010012368062707451
SHAPE_S_COS3=-0.02835057910560472
SHAPE_COS4=-0.006727915424734845
SHAPE_S_COS4=-0.017632408116912694
SHAPE_COS5=-0.004677708173363846
SHAPE_S_COS5=-0.03572898030430751
SHAPE_COS6=0.0
SHAPE_S_COS6=0.0

# Rotation (Sonic)
ROTATION_MODEL=2
GAMMA_E=0.1230023695371652
GAMMA_P=-1.0604307711328684
MACH=-0.4202308184064719

# Collisions (Sugama)
COLLISION_MODEL=4
NU_EE=+1.50206E-01

N_FIELD=2
BETAE_UNIT=+2.38777E-03
LAMBDA_STAR=+2.25681E-02

# Species
N_SPECIES=4

Z_1 =1
MASS_1=2.004094528407722
DENS_1=1.7588121808946235
TEMP_1=2.1922104349244496
DLNNDR_1=1.754433602090811
DLNTDR_1=4.21520691796456
SDLNNDR_1=-0.006937207290239052
SDLNTDR_1=-0.051781722383284455

Z_2 =6
MASS_2=12.381480287354666
DENS_2=0.032164936121780716
TEMP_2=2.1637188349001626
DLNNDR_2=0.8493497712840048
DLNTDR_2=4.1595005388303194
SDLNNDR_2=0.04364637839444403
SDLNTDR_2=-0.053255763659073876

Z_3 =1
MASS_3=2.0151512549235218
DENS_3=0.0546893366480515
TEMP_3=35.24164495462662
DLNNDR_3=12.735297762948584
DLNTDR_3=2.09179804481417
SDLNNDR_3=-0.06722614291399931
SDLNTDR_3=-0.010292768702221719

Z_4 =-1
MASS_4=0.0005568913246616065
DENS_4=1.9814878927012227
TEMP_4=1.9788161124810801
DLNNDR_4=2.0524902336348956
DLNTDR_4=4.75914263106595
SDLNNDR_4=-0.0060088667195279215
SDLNTDR_4=-0.015312623510967203
