# Resolution
N_ENERGY=8
N_XI=16
N_THETA=24
N_RADIAL=6
N_TOROIDAL=1
NONLINEAR_FLAG=0

BOX_SIZE=1
KY=+3.00000E-01

DELTA_T=+8.00000E-03
MAX_TIME=+1.00000E+02
PRINT_STEP=100

# Geometry (Miller)
RMIN=+9.00000E-01
RMAJ=+2.82270E+00

EQUILIBRIUM_MODEL=2
IPCCW=+1.00000E+00
BTCCW=-1.00000E+00

SHIFT=-1.0158409340018681
ZMAG=-0.2714015160767289
DZMAG=-1.5655889655928958
Q=8.61348902808789
S=5.898795303355287
KAPPA=2.9093888111628723
S_KAPPA=1.0279044604382486
DELTA=-0.10831040217203988
S_DELTA=-0.19744722607882578
ZETA=-0.2435493311732714
S_ZETA=-0.9905329851358036

# Geometry (Advanced)
SHAPE_SIN3=0.009416283032748062
SHAPE_S_SIN3=-0.12039956976174387
SHAPE_SIN4=0.04693783775174598
SHAPE_S_SIN4=0.1814779723830625
SHAPE_SIN5=0.0013690813685830086
SHAPE_S_SIN5=-0.06758297582926703
SHAPE_SIN6=0.0
SHAPE_S_SIN6=0.0
SHAPE_COS0=-0.2921684352900536
SHAPE_S_COS0=-0.5007919009608498
SHAPE_COS1=-0.17593818242544154
SHAPE_S_COS1=-1.2915908037307542
SHAPE_COS2=0.16770642928813145
SHAPE_S_COS2=0.741939141226453
SHAPE_COS3=0.01308417971301313
SHAPE_S_COS3=0.08432262587487106
SHAPE_COS4=-0.024220228966203322
SHAPE_S_COS4=-0.0738909494237355
SHAPE_COS5=-0.01936183952638003
SHAPE_S_COS5=-0.165915053977047
SHAPE_COS6=0.0
SHAPE_S_COS6=0.0

# Rotation (Sonic)
ROTATION_MODEL=2
GAMMA_E=0.20005096549830093
GAMMA_P=-2.675872189660704
MACH=0.017250047548089904

# Collisions (Sugama)
COLLISION_MODEL=4
NU_EE=+7.59293E-01

N_FIELD=2
BETAE_UNIT=+5.16084E-04
LAMBDA_STAR=+3.00170E-02

# Species
N_SPECIES=4

Z_1 =1
MASS_1=2.075584725585639
DENS_1=1.6922142870407002
TEMP_1=2.904021671660206
DLNNDR_1=4.072840486721534
DLNTDR_1=13.521505589829658
SDLNNDR_1=-0.0020451625095705577
SDLNTDR_1=0.2688108973508353

Z_2 =6
MASS_2=11.982293508733811
DENS_2=0.04632755727590665
TEMP_2=2.899611369188859
DLNNDR_2=5.2439195998079375
DLNTDR_2=13.211783091174992
SDLNNDR_2=0.10848745988149391
SDLNTDR_2=0.26495845375094007

Z_3 =1
MASS_3=1.9405596964224898
DENS_3=0.00918057794988028
TEMP_3=74.58950229655406
DLNNDR_3=41.10047558845214
DLNTDR_3=1.3227427960274691
SDLNNDR_3=-0.8705152772110665
SDLNTDR_3=-0.18037672200127502

Z_4 =-1
MASS_4=0.0005496985857798914
DENS_4=2.0190815886748177
TEMP_4=2.0177376731699157
DLNNDR_4=4.428225621050613
DLNTDR_4=11.358835226001036
SDLNNDR_4=0.005940845445247055
SDLNTDR_4=0.0027486509060144085
