# Resolution
N_ENERGY=8
N_XI=16
N_THETA=24
N_RADIAL=6
N_TOROIDAL=1
NONLINEAR_FLAG=0

BOX_SIZE=1
KY=+3.00000E-01

DELTA_T=+8.00000E-03
MAX_TIME=+1.00000E+02
PRINT_STEP=100

# Geometry (Miller)
RMIN=+5.00000E-01
RMAJ=+2.99157E+00

EQUILIBRIUM_MODEL=2
IPCCW=+1.00000E+00
BTCCW=-1.00000E+00

SHIFT=-0.3522441579448163
ZMAG=-0.15875053186182514
DZMAG=-0.0827310099213196
Q=2.4955863728565517
S=2.416671752937773
KAPPA=2.5877545927090617
S_KAPPA=0.1879157485170571
DELTA=-0.03902878093991724
S_DELTA=-0.0725987124306937
ZETA=-0.04463638781614118
S_ZETA=-0.11866360547364883

# Geometry (Advanced)
SHAPE_SIN3=0.007560503574210041
SHAPE_S_SIN3=0.022242703872196797
SHAPE_SIN4=0.00355115103440998
SHAPE_S_SIN4=0.01865807461665346
SHAPE_SIN5=0.0007201744716525717
SHAPE_S_SIN5=0.0054304461081615095
SHAPE_SIN6=0.0
SHAPE_S_SIN6=0.0
SHAPE_COS0=-0.09452523224884928
SHAPE_S_COS0=-0.0402746508722863
SHAPE_COS1=-0.030710915405669226
SHAPE_S_COS1=-0.05592702396352635
SHAPE_COS2=0.014081019305171145
SHAPE_S_COS2=0.04081364104963641
SHAPE_COS3=-0.0013264793749707903
SHAPE_S_COS3=-0.007066867401430265
SHAPE_COS4=-0.0017923594993710002
SHAPE_S_COS4=-0.006448765518928417
SHAPE_COS5=-0.0004931645731881556
SHAPE_S_COS5=-0.0034418494281436202
SHAPE_COS6=0.0
SHAPE_S_COS6=0.0

# Rotation (Sonic)
ROTATION_MODEL=2
GAMMA_E=0.2024493857012707
GAMMA_P=-1.5383027761550465
MACH=-0.5919802842146258

# Collisions (Sugama)
COLLISION_MODEL=4
NU_EE=+5.28454E-02

N_FIELD=2
BETAE_UNIT=+5.49971E-03
LAMBDA_STAR=+1.98983E-02

# Species
N_SPECIES=4

Z_1 =1
MASS_1=1.9933021987047046
DENS_1=1.698559261248434
TEMP_1=2.1218465942857394
DLNNDR_1=1.6208886077397882
DLNTDR_1=5.868458103444209
SDLNNDR_1=0.008365786541778733
SDLNTDR_1=-0.2236576380594591

Z_2 =6
MASS_2=12.045611405278876
DENS_2=0.02246861833182741
TEMP_2=2.101205017595884
DLNNDR_2=-1.5810503930893067
DLNTDR_2=5.932820090111456
SDLNNDR_2=-0.08184894422753616
SDLNTDR_2=-0.22681662206162573

Z_3 =1
MASS_3=1.962255810377636
DENS_3=0.17481623975402472
TEMP_3=23.438177526063257
DLNNDR_3=7.196588950915412
DLNTDR_3=1.838473420053477
SDLNNDR_3=0.02886662664970174
SDLNTDR_3=0.046485229221562674

Z_4 =-1
MASS_4=0.0005413537544695505
DENS_4=1.9811194156439824
TEMP_4=2.0503871745891087
DLNNDR_4=1.869144882028067
DLNTDR_4=4.740844184971264
SDLNNDR_4=0.007407201970352903
SDLNTDR_4=-0.014735065747213123
