# Resolution
N_ENERGY=8
N_XI=16
N_THETA=24
N_RADIAL=6
N_TOROIDAL=1
NONLINEAR_FLAG=0

BOX_SIZE=1
KY=+3.00000E-01

DELTA_T=+8.00000E-03
MAX_TIME=+1.00000E+02
PRINT_STEP=100

# Geometry (Miller)
RMIN=+5.00000E-01
RMAJ=+2.95654E+00

EQUILIBRIUM_MODEL=2
IPCCW=+1.00000E+00
BTCCW=-1.00000E+00

SHIFT=-0.293877477662634
ZMAG=-0.1802504113815887
DZMAG=-0.065561827080522
Q=2.4567612097026017
S=2.3728436274852247
KAPPA=2.4927974747194908
S_KAPPA=0.18824150173479565
DELTA=-0.05094738640924884
S_DELTA=-0.09498804777905821
ZETA=-0.038719943015568595
S_ZETA=-0.10333836508567373

# Geometry (Advanced)
SHAPE_SIN3=0.006306712506461407
SHAPE_S_SIN3=0.022352882991114237
SHAPE_SIN4=0.002991511095868675
SHAPE_S_SIN4=0.01974658342163064
SHAPE_SIN5=0.0005365189150023312
SHAPE_S_SIN5=0.0004415607614128486
SHAPE_SIN6=0.0
SHAPE_S_SIN6=0.0
SHAPE_COS0=-0.08496934529239075
SHAPE_S_COS0=-0.035141121033234295
SHAPE_COS1=-0.03134953217852386
SHAPE_S_COS1=-0.055623353626343235
SHAPE_COS2=0.013504593731341698
SHAPE_S_COS2=0.0440204602686301
SHAPE_COS3=-0.0013469225506359624
SHAPE_S_COS3=-0.0032362645432200904
SHAPE_COS4=-0.001500164879995432
SHAPE_S_COS4=-0.0005759520757621505
SHAPE_COS5=-0.0004971698482587102
SHAPE_S_COS5=-0.006208212091430205
SHAPE_COS6=0.0
SHAPE_S_COS6=0.0

# Rotation (Sonic)
ROTATION_MODEL=2
GAMMA_E=0.15454012375687287
GAMMA_P=-1.1029020141384058
MACH=-0.4573127937135588

# Collisions (Sugama)
COLLISION_MODEL=4
NU_EE=+5.26078E-02

N_FIELD=2
BETAE_UNIT=+5.56062E-03
LAMBDA_STAR=+1.98176E-02

# Species
N_SPECIES=4

Z_1 =1
MASS_1=1.9874981361523527
DENS_1=1.6485462326253941
TEMP_1=1.878757039331043
DLNNDR_1=2.8213213538431017
DLNTDR_1=4.4703632181075434
SDLNNDR_1=0.013401973890529648
SDLNTDR_1=-0.06340970253297065

Z_2 =6
MASS_2=11.631019547685568
DENS_2=0.031107120031653022
TEMP_2=1.8379893448014226
DLNNDR_2=-1.379132416302781
DLNTDR_2=4.711666788866675
SDLNNDR_2=-0.007076082551843269
SDLNTDR_2=-0.06460123973833586

Z_3 =1
MASS_3=2.017965977010698
DENS_3=0.13309805373562664
TEMP_3=23.85093387593165
DLNNDR_3=6.690764817629902
DLNTDR_3=2.2366931943104547
SDLNNDR_3=-0.030266453444661546
SDLNTDR_3=0.01599180909276904

Z_4 =-1
MASS_4=0.0005579167190159098
DENS_4=2.0032160883065515
TEMP_4=1.9265903935011068
DLNNDR_4=2.6514281278529923
DLNTDR_4=5.048623638186007
SDLNNDR_4=0.012335768870204543
SDLNTDR_4=-0.010652049217560983
