# Resolution
N_ENERGY=8
N_XI=16
N_THETA=24
N_RADIAL=6
N_TOROIDAL=1
NONLINEAR_FLAG=0

BOX_SIZE=1
KY=+3.00000E-01

DELTA_T=+8.00000E-03
MAX_TIME=+1.00000E+02
PRINT_STEP=100

# Geometry (Miller)
RMIN=+5.00000E-01
RMAJ=+2.89838E+00

EQUILIBRIUM_MODEL=2
IPCCW=+1.00000E+00
BTCCW=-1.00000E+00

SHIFT=-0.32742370677499827
ZMAG=-0.0036276189147725975
DZMAG=-0.00296010442757131
Q=2.442057360069363
S=1.8096173688852062
KAPPA=2.4208959505757397
S_KAPPA=0.04551424481696846
DELTA=-0.17039971257161357
S_DELTA=-0.23296117239058564
ZETA=-0.02652497467526998
S_ZETA=-0.078347082000501

# Geometry (Advanced)
SHAPE_SIN3=0.003100317777252606
SHAPE_S_SIN3=0.0067344418003146824
SHAPE_SIN4=0.0027738780990752155
SHAPE_S_SIN4=0.007750604137150117
SHAPE_SIN5=9.138750532654912e-05
SHAPE_S_SIN5=-0.0013097352680234175
SHAPE_SIN6=0.0
SHAPE_S_SIN6=0.0
SHAPE_COS0=-0.02140438644411305
SHAPE_S_COS0=-0.004553204110251856
SHAPE_COS1=-0.0024845012485519326
SHAPE_S_COS1=0.00018352642322880136
SHAPE_COS2=-0.0008726603235674716
SHAPE_S_COS2=-0.004294713785120665
SHAPE_COS3=-0.00021581328065326742
SHAPE_S_COS3=-0.001182925630931163
SHAPE_COS4=-0.00011638373143534094
SHAPE_S_COS4=-0.0021927883006769167
SHAPE_COS5=-2.825218329896454e-05
SHAPE_S_COS5=0.0017737726386980214
SHAPE_COS6=0.0
SHAPE_S_COS6=0.0

# Rotation (Sonic)
ROTATION_MODEL=2
GAMMA_E=0.05430468997620855
GAMMA_P=-0.3827483486191456
MACH=-0.23175846390627783

# Collisions (Sugama)
COLLISION_MODEL=4
NU_EE=+7.56687E-02

N_FIELD=2
BETAE_UNIT=+3.73868E-03
LAMBDA_STAR=+2.11424E-02

# Species
N_SPECIES=4

Z_1 =1
MASS_1=2.006892886831716
DENS_1=1.4715090941257118
TEMP_1=1.2848494799316268
DLNNDR_1=2.011480478118339
DLNTDR_1=2.8253341099616525
SDLNNDR_1=0.05355808945160667
SDLNTDR_1=-0.04013805080569884

Z_2 =6
MASS_2=11.862215117700133
DENS_2=0.08503574678310663
TEMP_2=1.284739719988627
DLNNDR_2=0.6809783948725932
DLNTDR_2=2.884455498288209
SDLNNDR_2=0.02079466419655112
SDLNTDR_2=-0.039161836877896095

Z_3 =1
MASS_3=1.9909766637167503
DENS_3=0.005990813571326711
TEMP_3=29.640233133408167
DLNNDR_3=5.54888008391349
DLNTDR_3=2.511051553881831
SDLNNDR_3=0.0190551048873949
SDLNTDR_3=0.05401072522249157

Z_4 =-1
MASS_4=0.000555194852518372
DENS_4=1.995406458869593
TEMP_4=2.0376240327779724
DLNNDR_4=1.6590855776298379
DLNTDR_4=6.748970827346226
SDLNNDR_4=0.04635881188393409
SDLNTDR_4=-0.13031321030048934
