# Resolution
N_ENERGY=8
N_XI=16
N_THETA=24
N_RADIAL=6
N_TOROIDAL=1
NONLINEAR_FLAG=0

BOX_SIZE=1
KY=+3.00000E-01

DELTA_T=+8.00000E-03
MAX_TIME=+1.00000E+02
PRINT_STEP=100

# Geometry (Miller)
RMIN=+5.00000E-01
RMAJ=+2.98957E+00

EQUILIBRIUM_MODEL=2
IPCCW=+1.00000E+00
BTCCW=-1.00000E+00

SHIFT=-0.3157060518409862
ZMAG=-0.16306682179257262
DZMAG=-0.0683895397360764
Q=2.456722854896217
S=2.5010087161647077
KAPPA=2.536567116845711
S_KAPPA=0.20394759095956488
DELTA=-0.04867761507823697
S_DELTA=-0.08173217619176591
ZETA=-0.04131141046797387
S_ZETA=-0.10720025858655002

# Geometry (Advanced)
SHAPE_SIN3=0.007105313820132315
SHAPE_S_SIN3=0.024685721476750945
SHAPE_SIN4=0.0033317350314924724
SHAPE_S_SIN4=0.02263159776562855
SHAPE_SIN5=0.0006271126238680666
SHAPE_S_SIN5=0.006822632276028194
SHAPE_SIN6=0.0
SHAPE_S_SIN6=0.0
SHAPE_COS0=-0.08731639623911097
SHAPE_S_COS0=-0.04200419926566357
SHAPE_COS1=-0.02791754015645944
SHAPE_S_COS1=-0.057961107353994894
SHAPE_COS2=0.013972833941568582
SHAPE_S_COS2=0.04330003809591729
SHAPE_COS3=-0.001132062149745353
SHAPE_S_COS3=-0.011818152182478617
SHAPE_COS4=-0.0015754990440507168
SHAPE_S_COS4=-0.007556730301206837
SHAPE_COS5=-0.00046472474926344135
SHAPE_S_COS5=-0.010035844727269573
SHAPE_COS6=0.0
SHAPE_S_COS6=0.0

# Rotation (Sonic)
ROTATION_MODEL=2
GAMMA_E=0.169696763815123
GAMMA_P=-1.1856107028702267
MACH=-0.4574916238766119

# Collisions (Sugama)
COLLISION_MODEL=4
NU_EE=+4.88868E-02

N_FIELD=2
BETAE_UNIT=+5.63558E-03
LAMBDA_STAR=+1.99540E-02

# Species
N_SPECIES=4

Z_1 =1
MASS_1=2.0231955027141604
DENS_1=1.6223067234478057
TEMP_1=2.0782206952882323
DLNNDR_1=2.5603812783544644
DLNTDR_1=5.129880369746507
SDLNNDR_1=0.0168106885298685
SDLNTDR_1=-0.0887032478733682

Z_2 =6
MASS_2=11.758219635011567
DENS_2=0.03488612044682382
TEMP_2=2.027674169787855
DLNNDR_2=-1.3057243135431333
DLNTDR_2=5.118475944493317
SDLNNDR_2=0.05627273954895444
SDLNTDR_2=-0.08905071337081288

Z_3 =1
MASS_3=2.0363497347910426
DENS_3=0.18819993587695788
TEMP_3=23.731449974553847
DLNNDR_3=7.390053244208531
DLNTDR_3=1.5935873568710046
SDLNNDR_3=-0.07259765695581236
SDLNTDR_3=-0.01358463384188775

Z_4 =-1
MASS_4=0.0005310994324996697
DENS_4=2.0039669402070737
TEMP_4=2.031618999590501
DLNNDR_4=2.6445583293985964
DLNTDR_4=5.135087742739869
SDLNNDR_4=0.01116814670178572
SDLNTDR_4=-0.01775596217568334
