# Resolution
N_ENERGY=8
N_XI=16
N_THETA=24
N_RADIAL=6
N_TOROIDAL=1
NONLINEAR_FLAG=0

BOX_SIZE=1
KY=+3.00000E-01

DELTA_T=+8.00000E-03
MAX_TIME=+1.00000E+02
PRINT_STEP=100

# Geometry (Miller)
RMIN=+7.00000E-01
RMAJ=+2.91748E+00

EQUILIBRIUM_MODEL=2
IPCCW=+1.00000E+00
BTCCW=-1.00000E+00

SHIFT=-0.4450317123374049
ZMAG=-0.216811697188317
DZMAG=-0.20473341607342538
Q=3.804148027032929
S=4.423640567290395
KAPPA=2.5796005575644605
S_KAPPA=0.5339871593854459
DELTA=-0.10353618706237061
S_DELTA=-0.27513721684747433
ZETA=-0.09779900610702298
S_ZETA=-0.3552458397423598

# Geometry (Advanced)
SHAPE_SIN3=0.014581896835860995
SHAPE_S_SIN3=0.042354002653766216
SHAPE_SIN4=0.011999434425066062
SHAPE_S_SIN4=0.05521580340377574
SHAPE_SIN5=0.0024024119542273336
SHAPE_S_SIN5=0.008296005325709304
SHAPE_SIN6=0.0
SHAPE_S_SIN6=0.0
SHAPE_COS0=-0.08375905107421024
SHAPE_S_COS0=-0.10577160030445089
SHAPE_COS1=-0.07050809180334452
SHAPE_S_COS1=-0.20700934254552594
SHAPE_COS2=0.04076889226938189
SHAPE_S_COS2=0.17145293960576857
SHAPE_COS3=-0.0015418943831304259
SHAPE_S_COS3=0.0004904036984660005
SHAPE_COS4=-0.006389905707836185
SHAPE_S_COS4=-0.03661477214997215
SHAPE_COS5=-0.0033184002335452014
SHAPE_S_COS5=-0.022083568374356207
SHAPE_COS6=0.0
SHAPE_S_COS6=0.0

# Rotation (Sonic)
ROTATION_MODEL=2
GAMMA_E=0.12523679067752097
GAMMA_P=-1.0124921613657987
MACH=-0.33017844924324335

# Collisions (Sugama)
COLLISION_MODEL=4
NU_EE=+1.45658E-01

N_FIELD=2
BETAE_UNIT=+1.80354E-03
LAMBDA_STAR=+2.49214E-02

# Species
N_SPECIES=4

Z_1 =1
MASS_1=2.002910303031009
DENS_1=1.684952058461593
TEMP_1=2.3213967923757517
DLNNDR_1=2.1443340867381893
DLNTDR_1=3.616515389650954
SDLNNDR_1=-0.014491628422137151
SDLNTDR_1=0.06758167829642606

Z_2 =6
MASS_2=12.057998910435662
DENS_2=0.038988116388683595
TEMP_2=2.264427281221008
DLNNDR_2=2.5237705443231135
DLNTDR_2=3.567942053207229
SDLNNDR_2=0.021554931313922783
SDLNTDR_2=0.06691631602403461

Z_3 =1
MASS_3=2.0454314224910535
DENS_3=0.044047512840411786
TEMP_3=40.330807967345855
DLNNDR_3=13.92797085275027
DLNTDR_3=1.8924382245590983
SDLNNDR_3=-0.12755842509611381
SDLNTDR_3=-0.06698142615025854

Z_4 =-1
MASS_4=0.0005421901818438277
DENS_4=2.0125319420833687
TEMP_4=2.002355824143724
DLNNDR_4=2.5494914220729674
DLNTDR_4=5.157656451813293
SDLNNDR_4=-0.012053855988905307
SDLNTDR_4=-0.03149233875033045
