# Resolution
N_ENERGY=8
N_XI=16
N_THETA=24
N_RADIAL=6
N_TOROIDAL=1
NONLINEAR_FLAG=0

BOX_SIZE=1
KY=+3.00000E-01

DELTA_T=+8.00000E-03
MAX_TIME=+1.00000E+02
PRINT_STEP=100

# Geometry (Miller)
RMIN=+7.00000E-01
RMAJ=+2.85569E+00

EQUILIBRIUM_MODEL=2
IPCCW=+1.00000E+00
BTCCW=-1.00000E+00

SHIFT=-0.5945067634193154
ZMAG=0.003877908164258952
DZMAG=-0.0036295096544036115
Q=3.7981097368044874
S=3.402229400024162
KAPPA=2.5020179014238924
S_KAPPA=0.19420623121068673
DELTA=-0.2861736257795032
S_DELTA=-0.6206648168942979
ZETA=-0.07731235898900098
S_ZETA=-0.229590525546198

# Geometry (Advanced)
SHAPE_SIN3=0.016050658568699208
SHAPE_S_SIN3=0.04651900597637111
SHAPE_SIN4=0.015241206400376477
SHAPE_S_SIN4=0.0732711229183528
SHAPE_SIN5=-4.486493757116914e-05
SHAPE_S_SIN5=-0.0024516504393367515
SHAPE_SIN6=0.0
SHAPE_S_SIN6=0.0
SHAPE_COS0=-0.02816600057673928
SHAPE_S_COS0=-0.01567215455774657
SHAPE_COS1=-0.004667729461941431
SHAPE_S_COS1=0.003714016288837947
SHAPE_COS2=-0.0009007799484343319
SHAPE_S_COS2=-0.0013857420489051054
SHAPE_COS3=3.844252635318497e-05
SHAPE_S_COS3=0.005843383292118544
SHAPE_COS4=-0.0004473919547433204
SHAPE_S_COS4=-0.00446035273245176
SHAPE_COS5=2.2079150999720502e-05
SHAPE_S_COS5=0.006109665873578364
SHAPE_COS6=0.0
SHAPE_S_COS6=0.0

# Rotation (Sonic)
ROTATION_MODEL=2
GAMMA_E=0.15582684139071154
GAMMA_P=-1.2169699440693793
MACH=-0.5307723882571321

# Collisions (Sugama)
COLLISION_MODEL=4
NU_EE=+2.41255E-01

N_FIELD=2
BETAE_UNIT=+1.63166E-03
LAMBDA_STAR=+2.32647E-02

# Species
N_SPECIES=4

Z_1 =1
MASS_1=1.9679547855834425
DENS_1=1.1524470384610388
TEMP_1=3.096634247230664
DLNNDR_1=2.577247393845699
DLNTDR_1=3.642326593824274
SDLNNDR_1=0.01595507047128593
SDLNTDR_1=0.042765995986081475

Z_2 =6
MASS_2=11.995220267308898
DENS_2=0.13338482920218958
TEMP_2=3.1562173382462744
DLNNDR_2=3.530344215458607
DLNTDR_2=3.610540230517792
SDLNNDR_2=0.00470184923964452
SDLNTDR_2=0.04232098216086691

Z_3 =1
MASS_3=1.9817999137296183
DENS_3=0.03782888649238329
TEMP_3=45.33166114642535
DLNNDR_3=13.966467208860418
DLNTDR_3=2.125958717039091
SDLNNDR_3=-0.10574477153471715
SDLNTDR_3=-0.05771356941572868

Z_4 =-1
MASS_4=0.0005475246425722217
DENS_4=2.0030951936919186
TEMP_4=2.0015887690883885
DLNNDR_4=3.198494036382996
DLNTDR_4=9.28163746006707
SDLNNDR_4=0.010515210263551174
SDLNTDR_4=-0.09901753282261261
