# Resolution
N_ENERGY=8
N_XI=16
N_THETA=24
N_RADIAL=6
N_TOROIDAL=1
NONLINEAR_FLAG=0

BOX_SIZE=1
KY=+3.00000E-01

DELTA_T=+8.00000E-03
MAX_TIME=+1.00000E+02
PRINT_STEP=100

# Geometry (Miller)
RMIN=+9.00000E-01
RMAJ=+2.78086E+00

EQUILIBRIUM_MODEL=2
IPCCW=+1.00000E+00
BTCCW=-1.00000E+00

SHIFT=-0.9381467388941214
ZMAG=0.0022499115729278435
DZMAG=0.01236502001518414
Q=6.33079441426178
S=4.876140753268938
KAPPA=2.605318763255516
S_KAPPA=0.17764562284150032
DELTA=-0.5395860492730146
S_DELTA=-1.439828618926906
ZETA=-0.16325413992367305
S_ZETA=-0.5330417755313346

# Geometry (Advanced)
SHAPE_SIN3=0.029784357038729982
SHAPE_S_SIN3=0.06635265120179562
SHAPE_SIN4=0.05395398596223335
SHAPE_S_SIN4=0.2702026750741648
SHAPE_SIN5=-0.0067546194271103244
SHAPE_S_SIN5=-0.07790249016234754
SHAPE_SIN6=0.0
SHAPE_S_SIN6=0.0
SHAPE_COS0=-0.029198888360786934
SHAPE_S_COS0=-0.02252900928244942
SHAPE_COS1=-0.0030013613631824977
SHAPE_S_COS1=0.012369464553662127
SHAPE_COS2=0.0013516223203858865
SHAPE_S_COS2=0.023689169254562267
SHAPE_COS3=8.000525382396013e-05
SHAPE_S_COS3=0.0019125462032780296
SHAPE_COS4=-0.001468908732234959
SHAPE_S_COS4=-0.004115396268233128
SHAPE_COS5=-5.462379063467995e-06
SHAPE_S_COS5=-0.0005293554666509115
SHAPE_COS6=0.0
SHAPE_S_COS6=0.0

# Rotation (Sonic)
ROTATION_MODEL=2
GAMMA_E=0.20511642545789052
GAMMA_P=-1.9680401342087632
MACH=-0.4496355188449705

# Collisions (Sugama)
COLLISION_MODEL=4
NU_EE=+1.03186E+00

N_FIELD=2
BETAE_UNIT=+4.39815E-04
LAMBDA_STAR=+2.78283E-02

# Species
N_SPECIES=4

Z_1 =1
MASS_1=2.013544398867041
DENS_1=1.1823163384244522
TEMP_1=4.022690342122918
DLNNDR_1=6.575534798206343
DLNTDR_1=11.614326131449342
SDLNNDR_1=0.03897240439862654
SDLNTDR_1=-0.015803377823120482

Z_2 =6
MASS_2=11.977336127865687
DENS_2=0.12860414870629552
TEMP_2=3.973079346906305
DLNNDR_2=4.649147304519975
DLNTDR_2=11.950091713836075
SDLNNDR_2=0.007676727474671428
SDLNTDR_2=-0.01605186006539797

Z_3 =1
MASS_3=1.9694646890647958
DENS_3=0.00545754554630421
TEMP_3=103.64210461661486
DLNNDR_3=37.80302322097308
DLNTDR_3=-0.488724757698667
SDLNNDR_3=-0.5997688810428612
SDLNTDR_3=-0.2405054745934062

Z_4 =-1
MASS_4=0.0005576570977339414
DENS_4=2.002545928396018
TEMP_4=2.032676528050474
DLNNDR_4=6.09455355748581
DLNTDR_4=13.471577169846164
SDLNNDR_4=0.023884817345372344
SDLNTDR_4=0.06378555333661381
