# Resolution
N_ENERGY=8
N_XI=16
N_THETA=24
N_RADIAL=6
N_TOROIDAL=1
NONLINEAR_FLAG=0

BOX_SIZE=1
KY=+3.00000E-01

DELTA_T=+8.00000E-03
MAX_TIME=+1.00000E+02
PRINT_STEP=100

# Geometry (Miller)
RMIN=+5.00000E-01
RMAJ=+2.90177E+00

EQUILIBRIUM_MODEL=2
IPCCW=+1.00000E+00
BTCCW=-1.00000E+00

SHIFT=-0.3046767437579383
ZMAG=0.0008225488981746993
DZMAG=0.00015526148751251762
Q=2.2137281657927748
S=2.2183316674676785
KAPPA=2.3236190714266893
S_KAPPA=0.04968182732158155
DELTA=-0.1466012711253849
S_DELTA=-0.2159070305996186
ZETA=-0.021132945601733732
S_ZETA=-0.06691099715785163

# Geometry (Advanced)
SHAPE_SIN3=0.003022893048927804
SHAPE_S_SIN3=0.011328667744084458
SHAPE_SIN4=0.0023143568953936868
SHAPE_S_SIN4=0.007807217089411015
SHAPE_SIN5=3.945530824503742e-05
SHAPE_S_SIN5=-0.0033708089128530053
SHAPE_SIN6=0.0
SHAPE_S_SIN6=0.0
SHAPE_COS0=-0.024691164853567572
SHAPE_S_COS0=-0.00402856212089148
SHAPE_COS1=-0.004012830129549019
SHAPE_S_COS1=-0.00249659038037443
SHAPE_COS2=-0.0010118328014083445
SHAPE_S_COS2=-0.004592921957013061
SHAPE_COS3=-0.00015829207863100344
SHAPE_S_COS3=9.196539524366158e-05
SHAPE_COS4=-0.00012550755084262004
SHAPE_S_COS4=-0.00045219350667727103
SHAPE_COS5=2.5798907736155617e-05
SHAPE_S_COS5=0.0004508257186657636
SHAPE_COS6=0.0
SHAPE_S_COS6=0.0

# Rotation (Sonic)
ROTATION_MODEL=2
GAMMA_E=0.17858923068927124
GAMMA_P=-1.2203555045339844
MACH=-0.5364885391487936

# Collisions (Sugama)
COLLISION_MODEL=4
NU_EE=+9.42240E-02

N_FIELD=2
BETAE_UNIT=+4.17551E-03
LAMBDA_STAR=+1.95339E-02

# Species
N_SPECIES=4

Z_1 =1
MASS_1=1.9729136318191993
DENS_1=1.3562158573469185
TEMP_1=1.9110195164342776
DLNNDR_1=3.1710064496260575
DLNTDR_1=3.429126524977205
SDLNNDR_1=-0.02173792900295466
SDLNTDR_1=-0.05472758806590168

Z_2 =6
MASS_2=12.04301291389843
DENS_2=0.09335303525811844
TEMP_2=1.9130574652867365
DLNNDR_2=0.056606036939463644
DLNTDR_2=3.2710873500777566
SDLNNDR_2=0.049372441144933416
SDLNTDR_2=-0.055829501425436794

Z_3 =1
MASS_3=1.9864377722572755
DENS_3=0.0532185308134453
TEMP_3=32.568150320916914
DLNNDR_3=9.165790882666204
DLNTDR_3=2.1719463931372265
SDLNNDR_3=0.012753173495077178
SDLNTDR_3=0.09517435023439644

Z_4 =-1
MASS_4=0.0005390611957280257
DENS_4=2.0250259128836676
TEMP_4=1.9874352177428605
DLNNDR_4=2.4577209514598635
DLNTDR_4=6.253697523189228
SDLNNDR_4=-0.0003216018663036366
SDLNTDR_4=-0.05276310961207341
