# Resolution
N_ENERGY=8
N_XI=16
N_THETA=24
N_RADIAL=6
N_TOROIDAL=1
NONLINEAR_FLAG=0

BOX_SIZE=1
KY=+3.00000E-01

DELTA_T=+8.00000E-03
MAX_TIME=+1.00000E+02
PRINT_STEP=100

# Geometry (Miller)
RMIN=+9.00000E-01
RMAJ=+2.87801E+00

EQUILIBRIUM_MODEL=2
IPCCW=+1.00000E+00
BTCCW=-1.00000E+00

SHIFT=-0.9590136518358648
ZMAG=-0.4278451022516122
DZMAG=-1.5100502210840225
Q=7.8750406004603075
S=5.062008512785271
KAPPA=2.894519880922461
S_KAPPA=0.8756702200311919
DELTA=-0.11255771813183656
S_DELTA=-0.3552120687308842
ZETA=-0.2627241719899282
S_ZETA=-0.9249206136174033

# Geometry (Advanced)
SHAPE_SIN3=-0.007485388380163478
SHAPE_S_SIN3=-0.14102161838698196
SHAPE_SIN4=0.03305460014118963
SHAPE_S_SIN4=0.09074611733418222
SHAPE_SIN5=0.0021841591803718726
SHAPE_S_SIN5=-0.04365018281247629
SHAPE_SIN6=0.0
SHAPE_S_SIN6=0.0
SHAPE_COS0=-0.1222988684210621
SHAPE_S_COS0=-0.06407339275519565
SHAPE_COS1=-0.3101114663696508
SHAPE_S_COS1=-1.3951271721003211
SHAPE_COS2=0.08397155493123748
SHAPE_S_COS2=0.417409178676012
SHAPE_COS3=-0.012175310165275089
SHAPE_S_COS3=-0.0099691431219279
SHAPE_COS4=-0.013496752418046636
SHAPE_S_COS4=0.03324679328036087
SHAPE_COS5=-0.025357799704254676
SHAPE_S_COS5=-0.15153215254436728
SHAPE_COS6=0.0
SHAPE_S_COS6=0.0

# Rotation (Sonic)
ROTATION_MODEL=2
GAMMA_E=0.2877896393817877
GAMMA_P=-3.6366991916171623
MACH=-0.07561875128053765

# Collisions (Sugama)
COLLISION_MODEL=4
NU_EE=+5.13182E-01

N_FIELD=2
BETAE_UNIT=+9.29727E-04
LAMBDA_STAR=+2.56829E-02

# Species
N_SPECIES=4

Z_1 =1
MASS_1=2.078175228904299
DENS_1=1.796328519579032
TEMP_1=2.595676890587752
DLNNDR_1=1.5485777419231264
DLNTDR_1=8.234323758424338
SDLNNDR_1=-0.013663788460821755
SDLNTDR_1=0.0988529408435732

Z_2 =6
MASS_2=11.972157874761262
DENS_2=0.03249146325685742
TEMP_2=2.623298554615518
DLNNDR_2=3.5781462560944943
DLNTDR_2=7.989895329293679
SDLNNDR_2=0.08582876887550539
SDLNTDR_2=0.09998764871904856

Z_3 =1
MASS_3=2.0115395046851248
DENS_3=0.007172319868030607
TEMP_3=57.5599014867798
DLNNDR_3=37.942032770023935
DLNTDR_3=0.1649557840362017
SDLNNDR_3=-1.1142219348010673
SDLNTDR_3=-0.1503750998445616

Z_4 =-1
MASS_4=0.000543547775252051
DENS_4=2.009128710335187
TEMP_4=1.9915333219198166
DLNNDR_4=1.8111749178599772
DLNTDR_4=12.651286589978872
SDLNNDR_4=-0.00647193647479063
SDLNTDR_4=0.1575929713415662
