# Resolution
N_ENERGY=8
N_XI=16
N_THETA=24
N_RADIAL=6
N_TOROIDAL=1
NONLINEAR_FLAG=0

BOX_SIZE=1
KY=+3.00000E-01

DELTA_T=+8.00000E-03
MAX_TIME=+1.00000E+02
PRINT_STEP=100

# Geometry (Miller)
RMIN=+7.00000E-01
RMAJ=+2.95641E+00

EQUILIBRIUM_MODEL=2
IPCCW=+1.00000E+00
BTCCW=-1.00000E+00

SHIFT=-0.6222764603301397
ZMAG=-0.25534135652388074
DZMAG=-0.4041225177994822
Q=4.404404563074542
S=3.9221823925413704
KAPPA=2.666854728395502
S_KAPPA=0.4000668534244629
DELTA=-0.052989536637603946
S_DELTA=-0.14748671376400088
ZETA=-0.1194164236920695
S_ZETA=-0.34830708422332934

# Geometry (Advanced)
SHAPE_SIN3=0.010038999500755893
SHAPE_S_SIN3=-0.005701014280520354
SHAPE_SIN4=0.01302167375640289
SHAPE_S_SIN4=0.050934493705965894
SHAPE_SIN5=0.003457588664114224
SHAPE_S_SIN5=0.011669323814648183
SHAPE_SIN6=0.0
SHAPE_S_SIN6=0.0
SHAPE_COS0=-0.10746076805823193
SHAPE_S_COS0=-0.05224217020259849
SHAPE_COS1=-0.13117868245468106
SHAPE_S_COS1=-0.3422374934703162
SHAPE_COS2=0.023825570953000884
SHAPE_S_COS2=0.12058565909741345
SHAPE_COS3=-0.007919893486060078
SHAPE_S_COS3=-0.01746895354665865
SHAPE_COS4=-0.007675903735947313
SHAPE_S_COS4=-0.03701249255499589
SHAPE_COS5=-0.0050818106513751665
SHAPE_S_COS5=-0.028670198411171726
SHAPE_COS6=0.0
SHAPE_S_COS6=0.0

# Rotation (Sonic)
ROTATION_MODEL=2
GAMMA_E=0.12633528575250136
GAMMA_P=-1.1793262060360492
MACH=-0.3359291489391152

# Collisions (Sugama)
COLLISION_MODEL=4
NU_EE=+1.59925E-01

N_FIELD=2
BETAE_UNIT=+2.61137E-03
LAMBDA_STAR=+2.17326E-02

# Species
N_SPECIES=4

Z_1 =1
MASS_1=1.9959520303050788
DENS_1=1.7846346203357828
TEMP_1=2.151060714434559
DLNNDR_1=1.622566595812791
DLNTDR_1=4.949442580065251
SDLNNDR_1=-0.006892292968516194
SDLNTDR_1=-0.05643174943744396

Z_2 =6
MASS_2=12.253797223610459
DENS_2=0.031249581762662522
TEMP_2=2.170233844732012
DLNNDR_2=0.33847118465972503
DLNTDR_2=4.8901457018028545
SDLNNDR_2=0.038978027672875934
SDLNTDR_2=-0.05880429094481743

Z_3 =1
MASS_3=2.007529845273794
DENS_3=0.0688745021052449
TEMP_3=33.395931484960684
DLNNDR_3=13.523451928947349
DLNTDR_3=2.449364621430891
SDLNNDR_3=0.038475798831407115
SDLNTDR_3=-0.05360160879118506

Z_4 =-1
MASS_4=0.0005468634345118365
DENS_4=1.9654901838030694
TEMP_4=1.9664822861871376
DLNNDR_4=1.8375995896511967
DLNTDR_4=5.446029040381228
SDLNNDR_4=-0.0014001462443023638
SDLNTDR_4=-0.03350877774163315
