# Resolution
N_ENERGY=8
N_XI=16
N_THETA=24
N_RADIAL=6
N_TOROIDAL=1
NONLINEAR_FLAG=0

BOX_SIZE=1
KY=+3.00000E-01

DELTA_T=+8.00000E-03
MAX_TIME=+1.00000E+02
PRINT_STEP=100

# Geometry (Miller)
RMIN=+7.00000E-01
RMAJ=+2.85059E+00

EQUILIBRIUM_MODEL=2
IPCCW=+1.00000E+00
BTCCW=-1.00000E+00

SHIFT=-0.6615097539439565
ZMAG=-0.021834213364864984
DZMAG=-0.014982610621890217
Q=3.8692629993960326
S=3.537294225839208
KAPPA=2.5753574821231573
S_KAPPA=0.14926359360252464
DELTA=-0.29695523103834703
S_DELTA=-0.6278431018252368
ZETA=-0.08362045711779265
S_ZETA=-0.244637938235505

# Geometry (Advanced)
SHAPE_SIN3=0.019351582582147774
SHAPE_S_SIN3=0.050458329649298736
SHAPE_SIN4=0.016313631831634104
SHAPE_S_SIN4=0.08086680148029149
SHAPE_SIN5=0.000528614467680434
SHAPE_S_SIN5=-0.005772172402789273
SHAPE_SIN6=0.0
SHAPE_S_SIN6=0.0
SHAPE_COS0=-0.013572371849507454
SHAPE_S_COS0=-0.004867297949827796
SHAPE_COS1=-0.007222443826965333
SHAPE_S_COS1=-0.007468771875576997
SHAPE_COS2=-0.0018013098322161045
SHAPE_S_COS2=-0.007822628775033454
SHAPE_COS3=-0.0016723442077974777
SHAPE_S_COS3=-0.004661765643518273
SHAPE_COS4=-0.0003122116806029627
SHAPE_S_COS4=-0.009199002738320404
SHAPE_COS5=-0.000210889604542664
SHAPE_S_COS5=-0.0008850285524280969
SHAPE_COS6=0.0
SHAPE_S_COS6=0.0

# Rotation (Sonic)
ROTATION_MODEL=2
GAMMA_E=0.19776384476879635
GAMMA_P=-1.563628198001866
MACH=-0.5531490440192395

# Collisions (Sugama)
COLLISION_MODEL=4
NU_EE=+2.49635E-01

N_FIELD=2
BETAE_UNIT=+1.88906E-03
LAMBDA_STAR=+2.21338E-02

# Species
N_SPECIES=4

Z_1 =1
MASS_1=2.014060556824339
DENS_1=1.2337239758209688
TEMP_1=3.1436389719756717
DLNNDR_1=2.3793011286244776
DLNTDR_1=3.9320942914038506
SDLNNDR_1=0.019170354003819057
SDLNTDR_1=0.04559166085751154

Z_2 =6
MASS_2=12.09327015385216
DENS_2=0.11973483641324999
TEMP_2=3.151866611765413
DLNNDR_2=3.2577612431318137
DLNTDR_2=3.959291168370311
SDLNNDR_2=0.014100089825781332
SDLNTDR_2=0.045921412261161754

Z_3 =1
MASS_3=2.0280652677913675
DENS_3=0.041318382173780935
TEMP_3=44.26889908972732
DLNNDR_3=15.274616449587876
DLNTDR_3=2.3921211050164244
SDLNNDR_3=-0.20187257176193846
SDLNTDR_3=-0.003476436680679321

Z_4 =-1
MASS_4=0.0005354383095521737
DENS_4=1.9859475291776247
TEMP_4=2.02791993323291
DLNNDR_4=2.9247871689124834
DLNTDR_4=8.592210951793525
SDLNNDR_4=0.01288634900179261
SDLNTDR_4=-0.07754442093226437
