# Resolution
N_ENERGY=8
N_XI=16
N_THETA=24
N_RADIAL=6
N_TOROIDAL=1
NONLINEAR_FLAG=0

BOX_SIZE=1
KY=+3.00000E-01

DELTA_T=+8.00000E-03
MAX_TIME=+1.00000E+02
PRINT_STEP=100

# Geometry (Miller)
RMIN=+5.00000E-01
RMAJ=+2.98576E+00

EQUILIBRIUM_MODEL=2
IPCCW=+1.00000E+00
BTCCW=-1.00000E+00

SHIFT=-0.3819931914070589
ZMAG=-0.1124426008169491
DZMAG=-0.09138632784027559
Q=2.644280675986807
S=2.3954106608671224
KAPPA=2.528617027783585
S_KAPPA=0.19314534564264146
DELTA=-0.035289994695856
S_DELTA=-0.07046191739047007
ZETA=-0.04976552534863547
S_ZETA=-0.11664474074792383

# Geometry (Advanced)
SHAPE_SIN3=0.008983265305105605
SHAPE_S_SIN3=0.028211139967612306
SHAPE_SIN4=0.003949740497343092
SHAPE_S_SIN4=0.01871434432554866
SHAPE_SIN5=0.0008558594397975538
SHAPE_S_SIN5=0.007028767995155755
SHAPE_SIN6=0.0
SHAPE_S_SIN6=0.0
SHAPE_COS0=-0.13403180483266777
SHAPE_S_COS0=-0.060746588287351244
SHAPE_COS1=-0.016621601409641022
SHAPE_S_COS1=-0.028139060129308766
SHAPE_COS2=0.01900300183823983
SHAPE_S_COS2=0.05483756536852737
SHAPE_COS3=-0.0006748014565567981
SHAPE_S_COS3=-0.0011625896109755394
SHAPE_COS4=-0.0017303111686813996
SHAPE_S_COS4=-0.010137032499986121
SHAPE_COS5=-0.0005071505603525775
SHAPE_S_COS5=0.0016017841335366507
SHAPE_COS6=0.0
SHAPE_S_COS6=0.0

# Rotation (Sonic)
ROTATION_MODEL=2
GAMMA_E=0.18939956552239062
GAMMA_P=-1.4486929418931633
MACH=-0.4564994876925853

# Collisions (Sugama)
COLLISION_MODEL=4
NU_EE=+5.88915E-02

N_FIELD=2
BETAE_UNIT=+6.19053E-03
LAMBDA_STAR=+1.88907E-02

# Species
N_SPECIES=4

Z_1 =1
MASS_1=1.978390971417149
DENS_1=1.6195902740116552
TEMP_1=2.285647189676074
DLNNDR_1=2.2799536812891468
DLNTDR_1=6.469568421343741
SDLNNDR_1=0.0023086906006649054
SDLNTDR_1=-0.09710355369836424

Z_2 =6
MASS_2=12.144133135957906
DENS_2=0.035812769248483464
TEMP_2=2.230781361942247
DLNNDR_2=-2.277307228178084
DLNTDR_2=6.314214651279634
SDLNNDR_2=0.07515997638280214
SDLNTDR_2=-0.09811569409445761

Z_3 =1
MASS_3=1.9830262324712271
DENS_3=0.17373066248644722
TEMP_3=24.005902471427845
DLNNDR_3=6.499560749668768
DLNTDR_3=1.9980943434118594
SDLNNDR_3=0.0036887571698904827
SDLNTDR_3=-0.07825340885979767

Z_4 =-1
MASS_4=0.0005523279327528771
DENS_4=2.0258167278834787
TEMP_4=2.0594884619931646
DLNNDR_4=2.191677106599827
DLNTDR_4=5.345284064933047
SDLNNDR_4=0.005384546327866436
SDLNTDR_4=-0.020965348517204642
