# Resolution
N_ENERGY=8
N_XI=16
N_THETA=24
N_RADIAL=6
N_TOROIDAL=1
NONLINEAR_FLAG=0

BOX_SIZE=1
KY=+3.00000E-01

DELTA_T=+8.00000E-03
MAX_TIME=+1.00000E+02
PRINT_STEP=100

# Geometry (Miller)
RMIN=+9.00000E-01
RMAJ=+2.77002E+00

EQUILIBRIUM_MODEL=2
IPCCW=+1.00000E+00
BTCCW=-1.00000E+00

SHIFT=-1.0065596504726768
ZMAG=-0.004019615163952207
DZMAG=-0.0033663571022966104
Q=6.406381000307377
S=4.7067514155990455
KAPPA=2.5810756692609864
S_KAPPA=0.048010074548478145
DELTA=-0.5017094271686684
S_DELTA=-1.2611892247667151
ZETA=-0.17321289778311633
S_ZETA=-0.4978866740362484

# Geometry (Advanced)
SHAPE_SIN3=0.030090183979738755
SHAPE_S_SIN3=0.008541783027460377
SHAPE_SIN4=0.054259242695575464
SHAPE_S_SIN4=0.27277208335936953
SHAPE_SIN5=-0.004073538027411058
SHAPE_S_SIN5=-0.05207231207022283
SHAPE_SIN6=0.0
SHAPE_S_SIN6=0.0
SHAPE_COS0=-0.024177124834018786
SHAPE_S_COS0=-0.007576499306765296
SHAPE_COS1=-0.0030507055147642567
SHAPE_S_COS1=-0.0019323092128652902
SHAPE_COS2=0.0012061537952108257
SHAPE_S_COS2=0.031064554936018604
SHAPE_COS3=-0.001054075286013
SHAPE_S_COS3=-0.0004933440773037211
SHAPE_COS4=-0.000966277786248213
SHAPE_S_COS4=0.005850182251305932
SHAPE_COS5=-0.0003421026628846103
SHAPE_S_COS5=-0.010498373290930771
SHAPE_COS6=0.0
SHAPE_S_COS6=0.0

# Rotation (Sonic)
ROTATION_MODEL=2
GAMMA_E=0.2011170657284243
GAMMA_P=-2.011747824350846
MACH=-0.11945829967605448

# Collisions (Sugama)
COLLISION_MODEL=4
NU_EE=+2.30095E+00

N_FIELD=2
BETAE_UNIT=+5.20758E-04
LAMBDA_STAR=+2.28431E-02

# Species
N_SPECIES=4

Z_1 =1
MASS_1=1.9616279993820394
DENS_1=1.4042241875307937
TEMP_1=3.1056498106297274
DLNNDR_1=4.089367279025467
DLNTDR_1=18.48522074589744
SDLNNDR_1=-0.04605296123343716
SDLNTDR_1=-0.1331598618916689

Z_2 =6
MASS_2=12.023652764509194
DENS_2=0.10031810826314458
TEMP_2=3.1644849718559476
DLNNDR_2=9.22100131895994
DLNTDR_2=18.72898322067256
SDLNNDR_2=0.007307349104694079
SDLNTDR_2=-0.12977506178927964

Z_3 =1
MASS_3=1.988562193262395
DENS_3=0.004402199898767344
TEMP_3=113.07842485009533
DLNNDR_3=37.765264329786106
DLNTDR_3=0.20370021273672628
SDLNNDR_3=-0.3499546943635833
SDLNTDR_3=-0.44839145347359566

Z_4 =-1
MASS_4=0.0005601718609072974
DENS_4=1.9970802386917113
TEMP_4=1.99886247521387
DLNNDR_4=5.541211245841889
DLNTDR_4=21.71537516767488
SDLNNDR_4=-0.03253708687620643
SDLNTDR_4=-0.007111885091140861
