# Resolution
N_ENERGY=8
N_XI=16
N_THETA=24
N_RADIAL=6
N_TOROIDAL=1
NONLINEAR_FLAG=0

BOX_SIZE=1
KY=+3.00000E-01

DELTA_T=+8.00000E-03
MAX_TIME=+1.00000E+02
PRINT_STEP=100

# Geometry (Miller)
RMIN=+5.00000E-01
RMAJ=+2.90232E+00

EQUILIBRIUM_MODEL=2
IPCCW=+1.00000E+00
BTCCW=-1.00000E+00

SHIFT=-0.33944925940865067
ZMAG=0.004603061695232195
DZMAG=-0.0036658991969886366
Q=2.39583781677173
S=2.2871075834627552
KAPPA=2.400522742152175
S_KAPPA=0.09048779132605644
DELTA=-0.14916279867029514
S_DELTA=-0.24634164981538573
ZETA=-0.02803863379722746
S_ZETA=-0.08675399194717776

# Geometry (Advanced)
SHAPE_SIN3=0.005018593897780928
SHAPE_S_SIN3=0.016487097121559283
SHAPE_SIN4=0.0027778147612417745
SHAPE_S_SIN4=0.016839472111230682
SHAPE_SIN5=9.322578383093728e-05
SHAPE_S_SIN5=0.0008288385142473596
SHAPE_SIN6=0.0
SHAPE_S_SIN6=0.0
SHAPE_COS0=-0.02399153009871181
SHAPE_S_COS0=-0.009421481848114095
SHAPE_COS1=-0.0038252990920909806
SHAPE_S_COS1=-0.005736641501998778
SHAPE_COS2=-0.0007561015570912086
SHAPE_S_COS2=-0.003210743095407807
SHAPE_COS3=-0.00013550442477630917
SHAPE_S_COS3=-9.912491067093883e-05
SHAPE_COS4=-8.076852352046408e-05
SHAPE_S_COS4=-0.007139420689893476
SHAPE_COS5=-4.4963973905288266e-05
SHAPE_S_COS5=-0.002644738777343382
SHAPE_COS6=0.0
SHAPE_S_COS6=0.0

# Rotation (Sonic)
ROTATION_MODEL=2
GAMMA_E=0.16063728536754562
GAMMA_P=-1.1074553419938011
MACH=-0.552629011195992

# Collisions (Sugama)
COLLISION_MODEL=4
NU_EE=+7.12213E-02

N_FIELD=2
BETAE_UNIT=+5.01415E-03
LAMBDA_STAR=+1.94311E-02

# Species
N_SPECIES=4

Z_1 =1
MASS_1=2.0305587736514745
DENS_1=1.1696962730065594
TEMP_1=1.8604400118720121
DLNNDR_1=2.956778875125844
DLNTDR_1=2.9211647121370787
SDLNNDR_1=-0.04923067833830242
SDLNTDR_1=-0.07251936959702199

Z_2 =6
MASS_2=12.113701357900258
DENS_2=0.12849889555587646
TEMP_2=1.9054137511240465
DLNNDR_2=0.8952114289287523
DLNTDR_2=2.9599644862616654
SDLNNDR_2=0.07054776311331032
SDLNTDR_2=-0.07082396378534878

Z_3 =1
MASS_3=1.9590903317129025
DENS_3=0.08313473510629621
TEMP_3=25.583560977356257
DLNNDR_3=7.05151626022055
DLNTDR_3=1.890219912025724
SDLNNDR_3=-0.026793334604854273
SDLNTDR_3=-0.11061759319531403

Z_4 =-1
MASS_4=0.000562887741184897
DENS_4=1.9987195406110647
TEMP_4=1.9811127964957818
DLNNDR_4=2.3439194863204538
DLNTDR_4=5.946062058264839
SDLNNDR_4=-0.0023178027730646057
SDLNTDR_4=-0.03014900925169594
