# Resolution
N_ENERGY=8
N_XI=16
N_THETA=24
N_RADIAL=6
N_TOROIDAL=1
NONLINEAR_FLAG=0

BOX_SIZE=1
KY=+3.00000E-01

DELTA_T=+8.00000E-03
MAX_TIME=+1.00000E+02
PRINT_STEP=100

# Geometry (Miller)
RMIN=+7.00000E-01
RMAJ=+2.94394E+00

EQUILIBRIUM_MODEL=2
IPCCW=+1.00000E+00
BTCCW=-1.00000E+00

SHIFT=-0.6227247083876501
ZMAG=-0.19501516994133303
DZMAG=-0.29110833174727313
Q=4.308655059160371
S=4.156611899087867
KAPPA=2.7130568404024076
S_KAPPA=0.4299908738558904
DELTA=-0.08617087380984656
S_DELTA=-0.2353626048519008
ZETA=-0.11671735061636951
S_ZETA=-0.36137284302986455

# Geometry (Advanced)
SHAPE_SIN3=0.017045464563593325
SHAPE_S_SIN3=0.023877664421373603
SHAPE_SIN4=0.015119414625188152
SHAPE_S_SIN4=0.06163794040462958
SHAPE_SIN5=0.0034378786038471616
SHAPE_S_SIN5=0.01179120015409467
SHAPE_SIN6=0.0
SHAPE_S_SIN6=0.0
SHAPE_COS0=-0.1172165848826986
SHAPE_S_COS0=-0.11225577281417207
SHAPE_COS1=-0.07084682864446218
SHAPE_S_COS1=-0.24852228905610269
SHAPE_COS2=0.047140003585396086
SHAPE_S_COS2=0.1885227694049016
SHAPE_COS3=-0.0022687925897028234
SHAPE_S_COS3=-0.003405829446055438
SHAPE_COS4=-0.007914067621056693
SHAPE_S_COS4=-0.03659164400423706
SHAPE_COS5=-0.004010883196030061
SHAPE_S_COS5=-0.03371789167632079
SHAPE_COS6=0.0
SHAPE_S_COS6=0.0

# Rotation (Sonic)
ROTATION_MODEL=2
GAMMA_E=0.16599525892579628
GAMMA_P=-1.5603614770212715
MACH=-0.3891417955764982

# Collisions (Sugama)
COLLISION_MODEL=4
NU_EE=+1.24311E-01

N_FIELD=2
BETAE_UNIT=+2.09765E-03
LAMBDA_STAR=+2.44990E-02

# Species
N_SPECIES=4

Z_1 =1
MASS_1=1.9906920385926545
DENS_1=1.7289867872613494
TEMP_1=2.2411456157970733
DLNNDR_1=2.0900566664350504
DLNTDR_1=5.113346068196595
SDLNNDR_1=-0.003440079684355069
SDLNTDR_1=-0.03699801150588948

Z_2 =6
MASS_2=11.826267604770983
DENS_2=0.031953971287856625
TEMP_2=2.1585849870651073
DLNNDR_2=-0.04285893531727494
DLNTDR_2=5.11063887924601
SDLNNDR_2=0.06941240682200231
SDLNTDR_2=-0.0367245246249679

Z_3 =1
MASS_3=1.974392616042243
DENS_3=0.07785703597639394
TEMP_3=34.73418248404978
DLNNDR_3=13.427409937402933
DLNTDR_3=1.9468256206118695
SDLNNDR_3=-0.14617078577729845
SDLNTDR_3=0.027199803399773327

Z_4 =-1
MASS_4=0.0005500324303956293
DENS_4=2.0040858515382887
TEMP_4=1.9780761153180246
DLNNDR_4=2.3224788192892976
DLNTDR_4=6.371691413332351
SDLNNDR_4=-0.0018736752582423765
SDLNTDR_4=-0.044242782613287415
